Sort : 
1
1
8
10
13
14
14
24
25
28
30
39
41
41
42
44
45
46
48
50
50
50
51
55
55
64
64
64
65
67
72
75
76
76
77
84
90
94
104
107
110
111
118
119
124
127
128
136
140
147
148
153
153
155
163
166
178
178
180
184
188
193
193
202
202
211
212
214
216
217
219
221
222
228
229
235
237
238
239
242
244
246
256
263
269
277
283
292
296
296
300
301
302
303
306
309
317
325
331
332
335
337
341
347
348
353
355
359
360
360
364
365
370
371
373
375
376
377
380
384
384
385
389
391
391
392
399
400
409
411
415
417
418
421
425
432
434
439
441
441
443
444
447
451
451
454
458
459
461
466
467
468
468
474
479
482
482
484
484
491
491
492
494
495
503
511
512
512
515
519
524
527
535
535
536
547
552
555
557
561
562
564
566
566
568
575
578
580
588
592
594
594
596
602
612
614
616
619
623
625
625
627
631
636
639
641
644
652
653
654
654
656
661
661
662
666
669
672
673
674
674
676
681
687
695
695
699
701
703
703
703
706
708
708
709
712
712
713
716
717
719
730
742
746
758
769
775
783
791
793
797
798
807
816
817
819
819
821
822
822
822
822
822
828
830
830
835
841
844
844
847
847
847
850
856
858
865
869
872
874
880
880
882
889
890
895
897
897
898
899
908
917
919
926
928
931
931
932
933
939
950
954
955
959
960
966
967
968
973
973
980
982
984
984
986
989
991
996
997
1000
1003
1009
1016
1017
1020
1030
1031
1032
1037
1038
1039
1042
1046
1046
1047
1050
1051
1053
1054
1058
1061
1063
1067
1068
1071
1075
1078
1081
1083
1084
1085
1086
1093
1103
1107
1116
1120
1134
1134
1137
1139
1146
1149
1161
1161
1169
1175
1177
1180
1181
1181
1182
1182
1182
1184
1185
1190
1190
1191
1191
1197
1206
1210
1211
1212
1222
1233
1235
1235
1236
1244
1245
1251
1253
1254
1255
1257
1258
1263
1264
1280
1280
1283
1291
1294
1297
1298
1298
1301
1309
1314
1315
1316
1317
1321
1329
1333
1334
1334
1339
1340
1340
1344
1347
1349
1351
1351
1353
1359
1363
1365
1368
1372
1372
1380
1382
1388
1393
1394
1397
1399
1403
1404
1413
1431
1432
1434
1435
1438
1440
1442
1452
1453
1458
1459
1459
1459
1460
1476
1477
1477
1489
1490
1491
1491
1494
1494
1496
1498
1499
1504
1504
1504
1513
1514
1514
1515
1523
1529
1532
1532
1533
1538
1541
1545
1548
1553
1554
1558
1560
1570
1571
1573
1574
1577
1580
1588
1590
1592
1597
1604
1612
1615
1617
1619
1621
1623
1624
1626
1628
1630
1635
1638
1638
1639
1652
1652
1652
1657
1660
1660
1676
1679
1682
1683
1685
1687
1701
1701
1702
1703
1709
1714
1717
1721
1723
1724
1730
1733
1734
1735
1742
1748
1751
1752
1754
1755
1755
1758
1766
1769
1773
1780
1783
1785
1792
1795
1795
1796
1804
1814
1822
1823
1826
1828
1837
1841
1846
1846
1852
1858
1859
1865
1866
1871
1872
1877
1880
1885
1887
1888
1891
1892
1892
1896
1900
1900
1902
1911
1912
1913
1917
1920
1925
1927
1932
1936
1936
1939
1940
1944
1945
1950
1951
1953
1953
1953
1960
1961
1963
1967
1969
1970
1977
1978
1984
1986
1988
1990
1990
1990
1994
2001
2001
2002
2009
2010
2018
2019
2028
2028
2029
2033
2034
2036
2037
2040
2043
2043
2044
2044
2044
2047
2048
2050
2050
2063
2063
2063
2064
2065
2076
2079
2084
2084
2084
2088
2089
2091
2092
2094
2096
2099
2105
2108
2109
2137
2138
2139
2144
2145
2146
2154
2157
2159
2159
2161
2161
2167
2171
2175
2186
2189
2193
2194
2194
2213
2215
2227
2227
2230
2231
2235
2239
2243
2253
2256
2257
2260
2261
2264
2264
2275
2277
2289
2290
2293
2297
2301
2305
2307
2310
2322
2324
2333
2337
2340
2343
2348
2349
2352
2355
2356
2357
2357
2360
2361
2365
2366
2373
2374
2386
2389
2389
2395
2396
2396
2399
2401
2404
2406
2409
2410
2417
2421
2427
2428
2440
2446
2448
2448
2462
2463
2463
2467
2471
2473
2474
2475
2477
2477
2478
2481
2483
2484
2486
2487
2494
2495
2496
2503
2504
2511
2512
2516
2517
2518
2518
2518
2519
2521
2521
2523
2525
2525
2531
2535
2535
2538
2545
2547
2548
2554
2556
2556
2566
2568
2577
2579
2587
2588
2590
2592
2599
2600
2601
2603
2608
2611
2611
2613
2618
2622
2639
2642
2643
2644
2646
2652
2654
2665
2665
2667
2671
2672
2674
2677
2677
2691
2693
2695
2696
2700
2704
2706
2708
2721
2729
2732
2737
2738
2743
2746
2748
2748
2749
2750
2772
2776
2778
2781
2784
2788
2789
2793
2794
2796
2797
2797
2801
2806
2807
2812
2816
2817
2819
2821
2823
2824
2827
2828
2830
2835
2836
2837
2839
2850
2851
2852
2852
2852
2856
2857
2859
2860
2860
2860
2862
2862
2864
2868
2873
2877
2887
2897
2899
2905
2912
2913
2915
2916
2918
2921
2922
2923
2927
2932
2933
2937
2937
2939
2941
2943
2946
2950
2951
2954
2962
2963
2966
2970
2971
2975
2979
2980
2980
2986
2987
2991
2991
2995
2999
3004
3006
3006
3007
3008
3011
3013
3015
3018
3026
3030
3034
3037
3040
3042
3042
3043
3044
3054
3066
3067
3068
3070
3073
3073
3074
3076
3077
3077
3078
3079
3081
3081
3081
3081
3085
3086
3087
3091
3093
3094
3098
3103
3110
3114
3114
3116
3119
3120
3130
3131
3138
3139
3143
3143
3148
3160
3160
3161
3168
3172
3172
3183
3187
3187
3193
3196
3197
3199
3205
3205
3211
3213
3214
3226
3227
3228
3231
3235
3238
3246
3248
3251
3253
3255
3255
3258
3259
3267
3271
3274
3276
3284
3285
3285
3287
3293
3300
3302
3303
3308
3313
3314
3315
3317
3321
3322
3322
3325
3327
3338
3340
3344
3346
3348
3348
3351
3362
3364
3373
3374
3377
3379
3379
3380
3386
3388
3389
3390
3391
3393
3393
3397
3398
3402
3414
3419
3424
3427
3431
3438
3441
3444
3446
3447
3447
3455
3457
3463
3466
3469
3471
3475
3475
3479
3480
3481
3482
3484
3487
3493
3494
3494
3495
3496
3501
3506
3507
3515
3517
3517
3518
3523
3525
3533
3534
3538
3539
3540
3540
3541
3543
3545
3547
3549
3551
3553
3557
3561
3564
3564
3566
3568
3568
3569
3569
3570
3572
3577
3578
3579
3583
3590
3592
3598
3601
3605
3606
3606
3611
3612
3613
3614
3615
3616
3616
3619
3622
3623
3623
3624
3629
3630
3633
3633
3634
3634
3634
3634
3637
3638
3642
3642
3642
3646
3649
3650
3650
3658
3659
3661
3663
3664
3669
3671
3676
3680
3681
3683
3683
3689
3696
3705
3705
3707
3713
3714
3716
3720
3721
3721
3722
3727
3743
3748
3752
3756
3760
3760
3760
3766
3767
3769
3772
3774
3778
3784
3786
3786
3786
3787
3789
3793
3795
3802
3807
3814
3815
3817
3818
3823
3831
3846
3852
3859
3860
3864
3864
3865
3865
3865
3867
3867
3868
3868
3869
3873
3874
3874
3877
3882
3890
3893
3895
3898
3902
3903
3908
3911
3917
3919
3925
3931
3931
3936
3940
3941
3942
3944
3948
3960
3964
3966
3978
3986
3993
3997
4009
4009
4010
4011
4012
4013
4014
4016
4033
4033
4034
4035
4040
4044
4045
4047
4051
4054
4055
4058
4059
4060
4061
4063
4068
4070
4072
4074
4078
4080
4081
4083
4084
4091
4096
4103
4104
4109
4113
4114
4116
4120
4121
4122
4123
4123
4126
4127
4129
4129
4130
4134
4138
4140
4145
4146
4150
4156
4157
4160
4163
4164
4166
4170
4172
4174
4175
4178
4180
4180
4181
4182
4183
4185
4191
4192
4194
4198
4207
4207
4208
4208
4218
4219
4221
4234
4239
4240
4246
4248
4254
4257
4260
4261
4265
4267
4271
4280
4285
4287
4287
4289
4299
4302
4306
4307
4308
4309
4320
4321
4326
4326
4335
4343
4347
4350
4351
4352
4353
4353
4353
4354
4357
4358
4359
4359
4362
4364
4367
4369
4372
4373
4374
4376
4379
4381
4384
4387
4390
4392
4392
4398
4400
4402
4403
4408
4416
4421
4428
4431
4437
4438
4440
4448
4448
4462
4467
4472
4473
4473
4474
4474
4480
4481
4481
4484
4486
4487
4488
4491
4492
4500
4503
4506
4508
4509
4511
4513
4514
4518
4524
4533
4539
4540
4540
4541
4541
4547
4547
4548
4548
4563
4564
4565
4566
4567
4569
4572
4583
4585
4586
4586
4588
4592
4598
4600
4601
4603
4605
4612
4615
4617
4621
4624
4625
4627
4629
4630
4632
4637
4641
4643
4644
4646
4646
4647
4648
4649
4649
4662
4666
4677
4682
4687
4689
4689
4690
4693
4696
4704
4704
4705
4710
4713
4714
4716
4717
4718
4720
4721
4725
4730
4730
4732
4737
4737
4738
4739
4740
4740
4755
4755
4757
4758
4761
4763
4769
4774
4775
4791
4794
4795
4797
4801
4802
4804
4805
4813
4815
4818
4825
4825
4834
4836
4839
4839
4843
4843
4844
4848
4850
4850
4852
4863
4864
4865
4868
4870
4872
4877
4878
4886
4889
4890
4898
4912
4913
4915
4918
4923
4928
4933
4937
4938
4941
4941
4942
4945
4947
4951
4951
4959
4959
4963
4974
4978
4983
4986
4987
4987
4991
4994
4998
5000
5002
5002
5014
5024
5024
5029
5032
5033
5053
5054
5067
5067
5070
5070
5079
5084
5087
5090
5092
5093
5094
5096
5104
5104
5109
5109
5112
5115
5117
5119
5127
5130
5132
5141
5145
5148
5148
5149
5150
5151
5152
5172
5174
5177
5178
5180
5184
5191
5192
5204
5205
5210
5214
5214
5215
5215
5217
5218
5220
5226
5229
5231
5235
5237
5250
5253
5255
5257
5257
5260
5269
5273
5282
5285
5288
5289
5294
5296
5300
5302
5306
5306
5314
5320
5321
5323
5325
5326
5326
5328
5330
5331
5332
5341
5343
5346
5353
5353
5354
5356
5356
5358
5368
5371
5371
5373
5381
5382
5384
5389
5390
5393
5395
5395
5397
5399
5402
5402
5413
5422
5423
5424
5426
5428
5433
5437
5438
5443
5451
5461
5464
5471
5475
5477
5479
5479
5479
5487
5493
5495
5499
5506
5522
5524
5529
5531
5532
5532
5536
5536
5537
5538
5539
5542
5545
5553
5557
5560
5560
5562
5565
5567
5575
5579
5581
5588
5591
5591
5592
5593
5602
5605
5611
5613
5617
5621
5622
5622
5623
5629
5635
5641
5658
5660
5666
5667
5669
5684
5685
5687
5689
5692
5695
5701
5707
5714
5715
5720
5724
5725
5726
5730
5738
5740
5753
5753
5757
5764
5768
5768
5770
5775
5776
5776
5784
5787
5794
5797
5801
5804
5805
5810
5811
5813
5814
5814
5816
5823
5824
5828
5834
5838
5839
5839
5849
5850
5854
5859
5863
5866
5868
5871
5873
5873
5874
5875
5876
5876
5878
5879
5882
5887
5889
5890
5890
5895
5901
5906
5906
5908
5912
5913
5926
5933
5934
5934
5935
5936
5937
5942
5944
5945
5951
5956
5965
5969
5974
5986
5992
5993
5998
6002
6005
6013
6016
6019
6027
6028
6029
6034
6037
6040
6044
6045
6055
6055
6055
6063
6064
6065
6066
6070
6072
6088
6088
6091
6092
6092
6093
6094
6094
6098
6111
6111
6123
6124
6128
6132
6133
6133
6134
6138
6147
6149
6149
6150
6151
6156
6157
6157
6158
6160
6162
6163
6164
6173
6174
6175
6177
6182
6189
6196
6196
6198
6200
6206
6213
6220
6225
6226
6226
6232
6237
6237
6239
6242
6242
6247
6260
6274
6277
6280
6281
6287
6288
6292
6292
6293
6295
6297
6297
6298
6298
6302
6303
6306
6306
6306
6310
6314
6321
6325
6328
6328
6332
6333
6334
6341
6350
6351
6353
6353
6357
6360
6369
6370
6370
6373
6382
6389
6391
6400
6404
6405
6408
6411
6412
6412
6415
6415
6417
6418
6424
6439
6445
6445
6449
6450
6452
6464
6465
6466
6477
6477
6478
6484
6487
6487
6492
6493
6494
6495
6496
6497
6499
6499
6500
6504
6505
6506
6512
6513
6515
6516
6520
6522
6523
6528
6529
6530
6533
6534
6535
6537
6545
6546
6549
6551
6557
6557
6560
6562
6567
6567
6581
6582
6587
6588
6588
6594
6594
6595
6596
6597
6598
6601
6602
6602
6604
6612
6613
6615
6627
6628
6630
6632
6634
6635
6635
6635
6639
6641
6642
6642
6647
6648
6650
6650
6655
6657
6663
6664
6665
6665
6671
6672
6679
6683
6684
6686
6686
6695
6695
6695
6696
6697
6707
6709
6713
6713
6719
6722
6728
6736
6740
6742
6749
6752
6754
6757
6758
6760
6762
6768
6776
6776
6778
6786
6792
6794
6796
6797
6799
6801
6805
6805
6814
6816
6818
6821
6822
6824
6827
6830
6831
6832
6833
6834
6835
6840
6841
6846
6848
6853
6856
6861
6862
6863
6866
6867
6872
6877
6880
6880
6882
6883
6885
6892
6892
6892
6893
6894
6894
6901
6902
6903
6909
6920
6921
6924
6927
6930
6941
6942
6947
6950
6951
6953
6963
6965
6970
6972
6978
6980
6993
6993
6993
6999
7002
7011
7012
7016
7016
7027
7028
7028
7033
7034
7035
7042
7042
7048
7063
7065
7065
7067
7069
7072
7078
7079
7099
7101
7103
7104
7106
7109
7112
7117
7122
7123
7125
7125
7126
7139
7142
7150
7152
7152
7153
7157
7157
7158
7161
7167
7173
7179
7181
7186
7191
7193
7193
7194
7196
7196
7201
7203
7204
7204
7205
7208
7208
7212
7213
7214
7226
7249
7253
7256
7264
7265
7273
7275
7280
7281
7283
7283
7287
7290
7294
7294
7297
7297
7300
7301
7302
7309
7313
7315
7316
7319
7323
7324
7327
7331
7333
7338
7347
7359
7363
7366
7366
7367
7369
7374
7375
7384
7384
7391
7393
7397
7402
7403
7416
7416
7423
7424
7425
7426
7426
7429
7433
7433
7439
7440
7440
7443
7446
7446
7447
7448
7451
7452
7455
7457
7458
7463
7467
7471
7473
7473
7474
7477
7484
7492
7493
7499
7502
7505
7505
7509
7514
7518
7520
7521
7521
7523
7525
7530
7531
7532
7535
7535
7536
7540
7540
7549
7551
7553
7553
7555
7556
7558
7563
7566
7566
7567
7573
7574
7581
7581
7594
7602
7610
7613
7618
7620
7624
7624
7627
7637
7639
7647
7650
7655
7661
7663
7665
7669
7675
7679
7685
7690
7699
7704
7709
7713
7714
7726
7729
7734
7734
7740
7748
7748
7750
7751
7763
7768
7768
7772
7777
7777
7778
7783
7791
7791
7792
7792
7802
7804
7805
7807
7818
7818
7820
7821
7822
7825
7825
7830
7840
7843
7843
7846
7848
7856
7858
7866
7867
7868
7873
7877
7884
7887
7898
7901
7912
7916
7917
7918
7919
7919
7921
7921
7922
7924
7925
7925
7928
7929
7929
7932
7936
7938
7940
7940
7947
7947
7947
7950
7955
7955
7958
7958
7959
7961
7964
7965
7970
7974
7974
7975
7980
7981
7982
7983
7986
7986
7992
7994
7994
8002
8004
8010
8018
8018
8019
8020
8022
8023
8028
8030
8033
8034
8037
8038
8041
8048
8054
8057
8059
8071
8072
8075
8079
8080
8082
8083
8084
8087
8089
8096
8099
8100
8100
8100
8100
8108
8117
8130
8141
8143
8145
8152
8158
8172
8172
8174
8180
8181
8181
8186
8189
8190
8193
8193
8200
8201
8202
8205
8211
8216
8222
8224
8224
8226
8232
8235
8237
8241
8241
8241
8242
8248
8251
8253
8255
8261
8265
8270
8276
8276
8283
8285
8289
8290
8292
8292
8294
8297
8299
8300
8308
8309
8323
8324
8328
8331
8332
8338
8342
8344
8346
8347
8349
8350
8357
8358
8359
8360
8361
8363
8365
8369
8369
8387
8389
8395
8396
8397
8403
8410
8412
8415
8416
8423
8428
8428
8432
8432
8433
8439
8440
8444
8448
8452
8458
8459
8459
8463
8464
8465
8475
8482
8490
8491
8496
8508
8510
8511
8513
8522
8525
8526
8529
8531
8533
8534
8537
8539
8540
8541
8546
8547
8550
8553
8555
8556
8559
8560
8561
8563
8563
8571
8576
8581
8585
8589
8593
8597
8600
8603
8606
8608
8609
8609
8613
8613
8617
8618
8621
8625
8633
8640
8641
8644
8645
8647
8649
8651
8655
8656
8656
8665
8666
8668
8670
8671
8673
8676
8676
8677
8683
8687
8688
8692
8702
8710
8712
8713
8719
8719
8725
8728
8732
8738
8738
8739
8743
8747
8749
8751
8751
8751
8767
8769
8772
8777
8782
8783
8788
8795
8797
8802
8803
8809
8810
8810
8812
8820
8822
8826
8826
8829
8831
8832
8835
8836
8838
8840
8850
8854
8858
8859
8859
8861
8864
8867
8868
8870
8871
8872
8872
8877
8881
8886
8889
8899
8923
8923
8927
8928
8934
8941
8944
8944
8945
8948
8949
8958
8960
8961
8968
8970
8971
8973
8974
8975
8975
8980
8983
8984
8984
8986
8988
8994
8995
9000
9007
9009
9011
9011
9016
9017
9019
9020
9023
9024
9029
9031
9033
9036
9037
9038
9038
9039
9040
9040
9049
9057
9066
9067
9070
9071
9071
9074
9074
9077
9080
9083
9083
9085
9089
9098
9106
9109
9114
9115
9117
9118
9121
9122
9127
9135
9136
9137
9139
9141
9145
9147
9149
9149
9157
9158
9168
9168
9170
9179
9181
9181
9183
9184
9187
9190
9198
9202
9206
9210
9212
9213
9216
9216
9217
9220
9220
9228
9229
9231
9231
9236
9240
9245
9249
9250
9253
9253
9260
9262
9264
9275
9279
9279
9286
9287
9287
9288
9296
9300
9301
9305
9320
9321
9322
9322
9323
9325
9328
9329
9342
9345
9350
9350
9358
9358
9367
9374
9379
9381
9385
9391
9391
9395
9396
9396
9398
9401
9407
9407
9407
9408
9410
9410
9411
9412
9414
9417
9419
9419
9420
9424
9425
9426
9428
9429
9432
9436
9449
9452
9454
9456
9459
9460
9464
9465
9472
9474
9477
9478
9478
9479
9490
9490
9493
9506
9511
9519
9519
9521
9523
9524
9530
9530
9532
9533
9534
9535
9536
9543
9543
9546
9549
9551
9567
9567
9579
9580
9587
9591
9592
9596
9598
9611
9614
9618
9619
9620
9620
9621
9628
9628
9631
9632
9633
9637
9637
9640
9641
9645
9645
9649
9653
9654
9658
9659
9660
9665
9667
9677
9683
9686
9696
9697
9712
9714
9720
9721
9725
9729
9732
9734
9734
9738
9741
9742
9742
9743
9746
9749
9750
9751
9752
9752
9758
9763
9765
9772
9776
9777
9778
9781
9786
9790
9790
9790
9801
9803
9805
9806
9812
9813
9821
9822
9824
9834
9849
9854
9858
9860
9862
9867
9872
9874
9874
9876
9876
9885
9891
9896
9898
9898
9905
9910
9916
9916
9920
9921
9923
9931
9933
9940
9940
9942
9943
9947
9954
9956
9963
9966
9969
9971
9974
9975
9988
9989
9993
9999
10001
10003
10004
10005
10005
10008
10009
10013
10015
10016
10020
10027
10027
10030
10047
10050
10050
10056
10057
10059
10060
10062
10063
10074
10080
10093
10093
10098
10099
10100
10107
10111
10116
10124
10125
10128
10128
10131
10136
10136
10140
10142
10145
10152
10153
10157
10159
10165
10174
10182
10182
10189
10192
10195
10195
10198
10200
10205
10205
10208
10209
10217
10220
10224
10226
10227
10228
10230
10231
10231
10232
10233
10240
10242
10242
10244
10245
10247
10251
10254
10256
10260
10266
10268
10290
10296
10305
10306
10309
10310
10312
10316
10316
10318
10323
10326
10327
10328
10328
10331
10331
10331
10331
10335
10338
10343
10347
10348
10349
10350
10350
10352
10357
10358
10360
10361
10365
10366
10366
10371
10374
10374
10378
10378
10381
10382
10385
10391
10393
10394
10394
10403
10408
10409
10409
10410
10410
10411
10413
10414
10417
10419
10425
10431
10442
10442
10444
10449
10450
10451
10451
10453
10453
10457
10457
10463
10465
10467
10470
10470
10470
10475
10478
10478
10481
10482
10486
10488
10496
10496
10501
10503
10506
10506
10508
10508
10509
10509
10510
10512
10513
10513
10514
10518
10518
10520
10522
10523
10524
10525
10532
10533
10536
10538
10539
10544
10560
10561
10562
10565
10568
10571
10575
10578
10579
10581
10584
10586
10593
10597
10601
10602
10602
10608
10609
10611
10616
10617
10619
10620
10627
10633
10633
10634
10634
10638
10641
10646
10646
10648
10653
10655
10661
10666
10676
10676
10681
10682
10684
10691
10691
10697
10702
10703
10705
10706
10707
10707
10710
10712
10717
10731
10735
10739
10740
10745
10746
10748
10756
10756
10757
10760
10764
10769
10770
10770
10772
10773
10777
10778
10782
10788
10790
10791
10796
10797
10797
10804
10808
10809
10809
10812
10813
10820
10827
10828
10829
10829
10829
10837
10838
10846
10851
10853
10862
10868
10868
10869
10869
10871
10872
10877
10883
10892
10893
10902
10907
10908
10910
10913
10914
10923
10932
10934
10936
10936
10937
10938
10940
10941
10945
10947
10951
10971
10978
10980
10982
10990
10992
10993
10996
11005
11013
11016
11016
11025
11026
11027
11029
11030
11032
11033
11037
11037
11040
11044
11046
11049
11051
11052
11059
11066
11073
11074
11077
11080
11084
11086
11096
11096
11097
11099
11102
11110
11117
11120
11124
11126
11127
11133
11142
11142
11143
11152
11154
11155
11159
11160
11161
11162
11165
11167
11171
11174
11175
11179
11187
11192
11193
11193
11197
11198
11202
11208
11208
11217
11223
11224
11224
11225
11227
11228
11239
11239
11249
11249
11252
11261
11264
11273
11275
11277
11287
11288
11293
11299
11302
11305
11307
11308
11313
11322
11323
11326
11336
11338
11339
11341
11344
11348
11348
11348
11349
11350
11353
11353
11354
11356
11368
11371
11372
11374
11378
11380
11388
11393
11410
11410
11410
11413
11416
11420
11420
11426
11427
11436
11439
11446
11450
11450
11455
11455
11456
11458
11459
11463
11479
11480
11484
11484
11492
11493
11496
11502
11502
11504
11507
11508
11509
11511
11512
11516
11518
11520
11524
11525
11527
11530
11531
11532
11533
11536
11547
11547
11548
11555
11555
11557
11557
11557
11563
11565
11567
11569
11570
11573
11573
11579
11581
11597
11599
11599
11610
11610
11612
11616
11641
11641
11642
11654
11659
11665
11665
11666
11672
11672
11682
11694
11700
11700
11707
11708
11708
11712
11715
11716
11718
11725
11728
11738
11738
11744
11744
11745
11750
11752
11753
11754
11761
11764
11765
11770
11773
11776
11783
11783
11787
11788
11791
11792
11802
11802
11805
11808
11809
11814
11822
11825
11830
11832
11834
11834
11838
11839
11842
11845
11846
11847
11849
11849
11852
11855
11856
11856
11857
11858
11859
11860
11861
11864
11869
11869
11886
11893
11893
11898
11899
11899
11902
11907
11907
11908
11910
11911
11918
11920
11924
11932
11933
11940
11941
11942
11945
11948
11948
11954
11955
11958
11959
11959
11960
11963
11967
11968
11972
11975
11976
11977
11981
11984
11989
11993
11995
11999
12006
12007
12020
12022
12026
12030
12036
12038
12039
12042
12048
12056
12068
12069
12070
12071
12074
12084
12086
12087
12090
12095
12096
12099
12100
12101
12114
12116
12116
12119
12120
12121
12126
12128
12135
12140
12147
12152
12152
12152
12155
12156
12159
12160
12165
12170
12179
12179
12186
12189
12189
12192
12193
12196
12196
12203
12208
12210
12211
12212
12212
12213
12222
12223
12224
12230
12234
12235
12237
12241
12241
12242
12245
12247
12252
12252
12253
12256
12257
12258
12261
12262
12264
12266
12267
12270
12274
12274
12276
12278
12284
12285
12288
12298
12298
12299
12302
12306
12310
12314
12314
12317
12330
12332
12333
12333
12337
12345
12347
12361
12363
12363
12366
12367
12368
12371
12377
12379
12383
12383
12384
12384
12393
12395
12399
12403
12403
12405
12405
12406
12408
12408
12411
12411
12412
12414
12415
12417
12418
12420
12424
12426
12434
12436
12437
12440
12443
12452
12456
12457
12458
12462
12465
12473
12476
12487
12489
12490
12490
12490
12492
12493
12494
12496
12497
12500
12503
12504
12508
12511
12517
12522
12523
12529
12534
12534
12537
12538
12539
12543
12547
12549
12564
12567
12570
12571
12571
12576
12580
12582
12583
12586
12592
12594
12599
12600
12604
12605
12605
12606
12608
12611
12614
12615
12615
12622
12632
12634
12638
12651
12652
12652
12655
12655
12656
12657
12662
12663
12671
12671
12672
12674
12674
12679
12680
12681
12681
12691
12695
12697
12697
12701
12704
12712
12717
12718
12728
12734
12735
12736
12737
12741
12744
12752
12759
12764
12765
12776
12778
12778
12782
12790
12793
12793
12800
12802
12812
12814
12814
12816
12823
12825
12832
12839
12844
12846
12849
12852
12854
12859
12864
12866
12868
12869
12885
12889
12894
12897
12897
12900
12903
12917
12918
12921
12922
12924
12926
12926
12927
12928
12930
12930
12930
12930
12931
12933
12935
12939
12943
12945
12950
12951
12953
12955
12956
12957
12959
12960
12967
12967
12968
12969
12976
12977
12981
12981
12982
12983
12986
13004
13009
13010
13010
13015
13022
13023
13025
13025
13028
13036
13037
13041
13045
13045
13046
13047
13050
13051
13053
13060
13061
13062
13064
13067
13069
13080
13080
13081
13085
13089
13089
13093
13097
13110
13112
13113
13114
13114
13116
13117
13117
13117
13117
13122
13124
13125
13125
13127
13127
13131
13131
13136
13137
13139
13140
13141
13141
13149
13154
13156
13156
13157
13159
13161
13164
13168
13168
13171
13172
13172
13175
13177
13180
13180
13182
13184
13186
13195
13198
13198
13199
13206
13209
13217
13218
13219
13219
13222
13222
13226
13235
13235
13240
13245
13257
13257
13259
13264
13267
13268
13269
13270
13270
13271
13283
13289
13291
13305
13308
13312
13312
13312
13313
13314
13318
13323
13327
13330
13337
13337
13341
13345
13351
13361
13363
13368
13369
13379
13384
13388
13394
13399
13405
13408
13408
13413
13419
13425
13433
13433
13436
13439
13440
13446
13453
13455
13472
13473
13474
13484
13488
13491
13495
13496
13499
13499
13505
13506
13508
13510
13519
13520
13522
13526
13531
13532
13532
13535
13541
13545
13549
13549
13551
13554
13565
13566
13566
13568
13570
13572
13574
13574
13578
13578
13579
13580
13585
13596
13597
13610
13614
13619
13619
13623
13634
13635
13639
13639
13642
13650
13652
13653
13655
13656
13656
13659
13660
13669
13671
13679
13685
13685
13686
13690
13690
13692
13700
13708
13709
13711
13718
13721
13721
13731
13732
13735
13736
13737
13739
13741
13750
13751
13751
13753
13754
13755
13757
13767
13772
13774
13774
13791
13798
13803
13804
13806
13808
13809
13809
13810
13811
13818
13820
13821
13824
13825
13826
13827
13828
13835
13835
13839
13844
13844
13852
13853
13854
13858
13860
13869
13872
13876
13880
13880
13882
13883
13891
13892
13894
13894
13898
13901
13901
13903
13909
13910
13913
13914
13916
13918
13918
13919
13922
13938
13943
13947
13956
13957
13962
13976
13990
13991
13994
13996
13998
13999
14001
14003
14005
14007
14011
14015
14016
14016
14016
14017
14017
14025
14026
14026
14033
14034
14043
14047
14047
14050
14054
14059
14062
14069
14070
14070
14070
14075
14086
14088
14092
14092
14093
14096
14097
14098
14102
14102
14108
14110
14110
14111
14111
14114
14115
14121
14128
14130
14131
14131
14136
14136
14137
14145
14150
14151
14152
14152
14155
14157
14166
14168
14168
14168
14169
14170
14171
14172
14174
14174
14177
14179
14180
14184
14184
14185
14194
14194
14199
14206
14211
14215
14218
14226
14238
14239
14241
14243
14247
14248
14248
14255
14256
14257
14259
14259
14265
14266
14267
14286
14290
14293
14299
14300
14301
14301
14306
14309
14313
14316
14316
14318
14318
14318
14320
14325
14328
14328
14331
14332
14337
14343
14345
14348
14349
14349
14354
14359
14360
14360
14366
14367
14385
14385
14389
14392
14396
14397
14398
14399
14402
14407
14409
14420
14421
14427
14430
14436
14445
14445
14448
14453
14455
14456
14458
14460
14466
14470
14471
14477
14480
14484
14484
14484
14492
14493
14495
14501
14511
14511
14511
14512
14512
14514
14516
14516
14520
14523
14540
14544
14548
14557
14558
14560
14561
14563
14563
14565
14565
14566
14570
14574
14582
14583
14586
14586
14589
14589
14592
14592
14596
14602
14604
14607
14609
14613
14614
14615
14622
14622
14623
14626
14627
14634
14634
14636
14637
14642
14649
14651
14653
14653
14659
14660
14661
14662
14663
14664
14668
14678
14689
14697
14698
14699
14703
14704
14706
14710
14729
14748
14750
14751
14757
14759
14781
14784
14790
14793
14793
14793
14802
14803
14803
14806
14809
14810
14812
14814
14814
14814
14817
14822
14824
14825
14832
14834
14848
14851
14851
14851
14857
14857
14859
14867
14867
14869
14878
14889
14889
14889
14889
14892
14892
14893
14893
14902
14903
14905
14906
14908
14913
14914
14917
14918
14922
14923
14924
14926
14927
14928
14929
14935
14937
14939
14951
14954
14956
14966
14968
14969
14969
14971
14971
14975
14979
14983
14984
14994
14998
14999
15000
15001
15027
15029
15041
15047
15048
15050
15061
15066
15072
15083
15090
15095
15099
15104
15106
15106
15108
15110
15114
15116
15117
15119
15126
15138
15138
15141
15146
15148
15151
15153
15156
15158
15161
15162
15164
15172
15173
15174
15175
15178
15183
15183
15185
15187
15188
15193
15196
15197
15201
15202
15207
15209
15212
15215
15218
15226
15252
15253
15253
15253
15258
15264
15273
15273
15279
15280
15281
15286
15287
15291
15294
15294
15305
15309
15309
15316
15319
15323
15324
15325
15329
15336
15336
15336
15338
15342
15345
15345
15348
15349
15354
15354
15355
15362
15363
15363
15364
15366
15375
15376
15381
15384
15385
15387
15388
15389
15390
15391
15391
15399
15399
15401
15406
15411
15412
15413
15414
15415
15415
15419
15422
15432
15437
15438
15440
15441
15442
15454
15456
15464
15472
15473
15474
15475
15477
15478
15479
15487
15492
15495
15498
15499
15500
15502
15512
15513
15514
15516
15518
15518
15522
15522
15523
15526
15529
15529
15533
15535
15536
15540
15545
15546
15547
15548
15552
15552
15561
15563
15566
15567
15568
15571
15574
15597
15597
15597
15601
15615
15616
15622
15625
15634
15634
15635
15636
15637
15642
15653
15659
15669
15670
15672
15675
15676
15677
15683
15687
15692
15692
15693
15695
15696
15696
15700
15702
15703
15705
15714
15714
15727
15730
15741
15746
15751
15755
15759
15760
15766
15770
15775
15775
15776
15777
15778
15782
15787
15788
15793
15794
15796
15806
15806
15807
15808
15815
15815
15815
15818
15822
15828
15838
15845
15846
15846
15852
15856
15857
15858
15859
15865
15867
15878
15882
15885
15885
15888
15888
15890
15896
15897
15901
15902
15903
15907
15910
15911
15917
15920
15920
15924
15928
15934
15940
15943
15943
15943
15951
15953
15959
15966
15968
15972
15972
15977
15983
15985
15991
15991
15994
15996
15998
16001
16003
16014
16015
16015
16017
16024
16027
16027
16032
16034
16034
16038
16041
16043
16049
16051
16052
16055
16056
16058
16062
16068
16069
16069
16070
16070
16075
16075
16076
16080
16080
16089
16097
16108
16108
16109
16118
16119
16121
16126
16127
16130
16130
16134
16134
16135
16139
16139
16140
16154
16156
16158
16159
16161
16168
16168
16170
16171
16172
16172
16172
16174
16183
16190
16192
16192
16193
16196
16197
16199
16203
16209
16214
16218
16221
16221
16225
16226
16228
16230
16233
16250
16251
16252
16253
16255
16258
16261
16266
16268
16268
16269
16270
16270
16274
16276
16279
16279
16288
16293
16295
16301
16304
16310
16317
16318
16318
16319
16319
16324
16327
16329
16331
16333
16341
16343
16353
16356
16357
16359
16360
16361
16363
16364
16366
16367
16368
16371
16376
16379
16388
16389
16390
16393
16394
16397
16398
16403
16413
16416
16416
16417
16420
16421
16430
16431
16432
16436
16439
16440
16441
16446
16448
16451
16452
16456
16461
16462
16464
16466
16469
16473
16473
16474
16476
16482
16483
16484
16485
16486
16487
16488
16491
16504
16509
16509
16512
16520
16522
16526
16530
16530
16535
16535
16543
16556
16560
16561
16569
16577
16586
16597
16597
16601
16602
16605
16611
16612
16617
16621
16624
16625
16626
16630
16630
16635
16636
16636
16638
16640
16644
16645
16651
16653
16655
16656
16656
16658
16663
16675
16679
16685
16685
16687
16696
16697
16698
16701
16708
16711
16714
16718
16718
16719
16723
16725
16725
16728
16733
16739
16743
16744
16745
16749
16750
16750
16751
16752
16754
16755
16756
16759
16759
16764
16767
16771
16779
16781
16783
16785
16789
16794
16797
16798
16808
16811
16817
16817
16819
16820
16820
16828
16835
16838
16848
16848
16860
16861
16872
16882
16884
16886
16887
16888
16893
16910
16912
16913
16914
16914
16915
16916
16925
16926
16931
16936
16942
16943
16944
16945
16947
16948
16950
16951
16952
16953
16967
16970
16972
16980
16981
16984
16988
16990
16991
16992
16995
16995
16998
16999
17008
17014
17017
17019
17024
17029
17040
17040
17041
17048
17053
17060
17066
17069
17072
17079
17080
17081
17082
17085
17087
17092
17093
17094
17111
17114
17125
17125
17126
17132
17138
17150
17159
17163
17164
17167
17170
17170
17173
17175
17178
17180
17182
17187
17190
17190
17196
17199
17203
17203
17206
17213
17215
17217
17221
17225
17230
17232
17233
17235
17238
17245
17253
17258
17259
17262
17266
17271
17273
17273
17274
17276
17276
17276
17278
17285
17285
17289
17292
17296
17299
17300
17306
17307
17309
17311
17313
17313
17316
17317
17317
17318
17318
17325
17328
17332
17341
17343
17343
17343
17344
17349
17352
17362
17364
17370
17372
17376
17376
17378
17385
17387
17391
17392
17397
17398
17406
17408
17415
17415
17417
17421
17428
17428
17431
17434
17436
17440
17441
17448
17449
17454
17457
17468
17471
17477
17477
17488
17489
17491
17492
17494
17495
17495
17499
17501
17505
17508
17510
17516
17518
17522
17530
17532
17533
17543
17543
17546
17547
17551
17552
17558
17559
17564
17567
17569
17570
17571
17581
17581
17583
17585
17587
17592
17595
17595
17600
17602
17602
17608
17613
17613
17616
17621
17629
17632
17644
17646
17653
17655
17658
17659
17663
17668
17669
17671
17677
17678
17679
17683
17683
17684
17685
17685
17685
17686
17687
17687
17689
17691
17692
17699
17699
17700
17701
17704
17705
17714
17719
17719
17719
17722
17723
17724
17727
17729
17731
17734
17739
17748
17752
17755
17758
17758
17759
17775
17785
17786
17787
17788
17789
17789
17798
17802
17807
17808
17808
17813
17816
17820
17823
17823
17830
17833
17834
17835
17837
17842
17845
17847
17851
17853
17870
17875
17876
17876
17878
17891
17901
17901
17902
17918
17919
17921
17921
17923
17929
17935
17939
17941
17942
17946
17946
17947
17960
17961
17962
17963
17964
17965
17965
17965
17966
17966
17967
17969
17973
17973
17976
17979
17987
17987
17989
17999
18000
18004
18004
18004
18004
18012
18025
18028
18029
18031
18031
18044
18051
18053
18055
18062
18063
18063
18064
18065
18065
18077
18085
18089
18090
18095
18095
18098
18099
18104
18106
18111
18114
18115
18118
18118
18122
18123
18123
18124
18126
18128
18132
18133
18133
18134
18134
18136
18139
18143
18145
18150
18151
18155
18155
18156
18167
18168
18170
18174
18175
18176
18176
18177
18179
18180
18184
18184
18184
18189
18196
18196
18201
18202
18204
18216
18216
18217
18227
18230
18234
18241
18241
18245
18248
18249
18253
18253
18253
18254
18257
18257
18259
18262
18266
18268
18269
18269
18271
18272
18272
18274
18278
18281
18285
18299
18299
18305
18306
18311
18316
18316
18316
18334
18337
18339
18341
18345
18351
18353
18354
18364
18364
18368
18369
18371
18380
18380
18386
18390
18396
18396
18400
18400
18401
18407
18411
18414
18418
18425
18426
18426
18431
18436
18442
18444
18452
18452
18452
18459
18459
18460
18467
18467
18469
18488
18490
18505
18507
18509
18510
18510
18519
18519
18521
18523
18524
18525
18525
18528
18537
18538
18542
18543
18544
18546
18548
18553
18558
18562
18563
18565
18566
18567
18571
18574
18579
18580
18580
18581
18595
18605
18606
18608
18608
18609
18615
18615
18617
18618
18619
18621
18627
18631
18631
18631
18638
18644
18654
18654
18668
18669
18676
18678
18679
18682
18682
18688
18692
18693
18693
18699
18701
18704
18707
18709
18718
18720
18722
18723
18726
18736
18738
18740
18742
18743
18750
18752
18754
18760
18764
18772
18773
18773
18773
18775
18776
18783
18791
18793
18796
18800
18804
18812
18813
18814
18818
18820
18820
18821
18823
18824
18824
18825
18825
18830
18834
18840
18844
18851
18852
18856
18858
18861
18862
18863
18864
18864
18867
18869
18871
18873
18877
18881
18881
18887
18888
18892
18892
18895
18896
18898
18898
18900
18905
18906
18909
18909
18917
18922
18924
18931
18931
18942
18944
18945
18946
18947
18949
18950
18952
18960
18963
18966
18967
18970
18975
18976
18977
18979
18987
18997
18998
19002
19005
19005
19017
19020
19030
19037
19038
19039
19041
19042
19045
19049
19056
19062
19070
19071
19074
19074
19076
19081
19082
19091
19095
19096
19097
19099
19102
19104
19106
19108
19109
19124
19128
19134
19144
19149
19162
19165
19169
19170
19174
19178
19180
19185
19185
19193
19194
19198
19199
19201
19203
19205
19205
19205
19206
19208
19211
19213
19214
19218
19218
19221
19222
19224
19228
19232
19235
19237
19237
19237
19241
19247
19250
19255
19257
19263
19271
19275
19277
19281
19287
19298
19299
19304
19305
19306
19319
19321
19327
19329
19331
19333
19337
19339
19346
19357
19357
19359
19365
19366
19368
19373
19373
19373
19374
19377
19378
19387
19391
19398
19402
19404
19405
19410
19411
19414
19414
19415
19415
19415
19418
19419
19421
19425
19429
19429
19429
19433
19434
19437
19445
19447
19448
19450
19451
19455
19456
19458
19463
19465
19468
19469
19471
19476
19480
19486
19488
19489
19490
19498
19500
19502
19504
19505
19509
19528
19530
19531
19531
19537
19541
19543
19544
19544
19546
19553
19555
19561
19561
19567
19582
19585
19585
19593
19594
19596
19600
19601
19607
19619
19619
19620
19621
19621
19623
19624
19629
19636
19637
19646
19653
19655
19659
19661
19665
19670
19676
19678
19688
19690
19693
19696
19703
19703
19706
19707
19709
19711
19713
19713
19715
19719
19720
19721
19725
19734
19734
19734
19741
19741
19741
19744
19745
19746
19749
19751
19753
19765
19767
19767
19769
19774
19774
19781
19781
19784
19789
19791
19792
19794
19797
19798
19798
19799
19803
19813
19816
19816
19820
19821
19825
19830
19839
19840
19848
19856
19865
19867
19868
19868
19873
19874
19876
19879
19879
19883
19888
19893
19900
19901
19903
19904
19904
19904
19905
19906
19907
19911
19920
19921
19923
19926
19927
19931
19934
19935
19945
19946
19948
19949
19951
19958
19958
19963
19966
19968
19969
19972
19972
19973
19976
19984
19989
19993
19994
19996
19998
20004
20007
20009
20010
20012
20021
20025
20027
20038
20039
20040
20041
20042
20044
20055
20055
20056
20058
20060
20061
20061
20062
20062
20066
20068
20080
20081
20082
20084
20090
20091
20096
20097
20113
20114
20118
20119
20122
20124
20129
20139
20143
20144
20150
20161
20162
20168
20171
20182
20188
20188
20191
20194
20197
20198
20198
20204
20204
20213
20217
20217
20218
20219
20220
20225
20228
20232
20239
20240
20241
20245
20249
20249
20261
20264
20265
20267
20272
20288
20293
20296
20297
20309
20312
20317
20318
20323
20326
20327
20327
20331
20333
20341
20344
20345
20345
20348
20351
20352
20353
20355
20365
20374
20384
20391
20392
20398
20399
20401
20401
20404
20405
20405
20412
20414
20421
20423
20428
20439
20441
20444
20445
20446
20447
20457
20459
20466
20469
20469
20475
20486
20494
20494
20506
20507
20508
20509
20511
20513
20513
20514
20514
20516
20520
20522
20528
20529
20531
20535
20546
20555
20556
20557
20558
20566
20581
20582
20583
20585
20590
20592
20592
20598
20598
20602
20603
20608
20608
20615
20616
20622
20624
20626
20632
20634
20638
20641
20645
20647
20650
20654
20658
20662
20663
20668
20671
20673
20673
20677
20678
20679
20685
20691
20695
20696
20696
20697
20699
20703
20706
20707
20709
20710
20712
20713
20715
20715
20716
20716
20716
20716
20720
20720
20722
20723
20726
20726
20727
20730
20731
20735
20736
20738
20738
20742
20748
20752
20753
20760
20763
20763
20764
20769
20769
20772
20773
20780
20784
20796
20796
20800
20803
20806
20809
20810
20815
20816
20818
20819
20821
20824
20824
20825
20829
20830
20832
20839
20844
20846
20852
20853
20862
20863
20868
20869
20872
20877
20883
20888
20896
20908
20915
20916
20918
20920
20934
20934
20948
20950
20951
20952
20954
20956
20970
20971
20971
20974
20975
20975
20982
20987
20988
20994
20995
20995
20998
21001
21001
21002
21004
21005
21007
21009
21010
21012
21016
21016
21017
21025
21032
21043
21053
21059
21060
21061
21065
21069
21070
21073
21075
21075
21075
21077
21079
21083
21091
21092
21093
21094
21094
21095
21095
21096
21096
21101
21104
21106
21107
21110
21112
21114
21116
21124
21129
21133
21134
21139
21139
21144
21144
21145
21146
21148
21149
21157
21158
21162
21164
21165
21168
21169
21171
21172
21175
21183
21184
21186
21194
21200
21200
21204
21206
21207
21213
21215
21216
21217
21218
21220
21223
21231
21242
21248
21249
21256
21262
21265
21267
21270
21271
21273
21277
21278
21280
21281
21284
21287
21289
21291
21293
21294
21295
21299
21299
21305
21311
21315
21316
21318
21324
21326
21329
21332
21333
21343
21344
21344
21347
21349
21350
21361
21364
21366
21372
21373
21373
21377
21384
21390
21391
21392
21392
21392
21402
21406
21408
21409
21412
21418
21420
21428
21428
21429
21436
21443
21446
21450
21455
21456
21458
21459
21461
21469
21484
21487
21493
21493
21497
21501
21503
21507
21509
21513
21514
21514
21516
21520
21528
21532
21536
21538
21539
21542
21544
21548
21548
21550
21553
21559
21560
21567
21572
21573
21573
21574
21579
21580
21580
21582
21588
21589
21590
21594
21596
21600
21604
21606
21613
21616
21619
21619
21623
21623
21625
21625
21627
21627
21644
21671
21672
21672
21674
21676
21683
21686
21687
21688
21692
21700
21701
21702
21702
21704
21704
21706
21708
21708
21708
21710
21720
21722
21726
21727
21728
21730
21733
21735
21742
21749
21750
21764
21765
21771
21771
21775
21777
21778
21778
21779
21780
21780
21783
21788
21788
21790
21791
21797
21799
21815
21816
21820
21820
21823
21823
21824
21828
21829
21833
21836
21842
21844
21847
21847
21849
21854
21858
21859
21861
21867
21877
21877
21878
21879
21882
21887
21889
21894
21896
21897
21900
21901
21904
21912
21913
21914
21915
21916
21924
21925
21928
21929
21936
21941
21945
21950
21952
21963
21964
21964
21971
21977
21979
21980
21980
21991
21995
21997
21999
21999
22006
22013
22013
22020
22020
22022
22026
22026
22026
22044
22047
22048
22050
22054
22063
22068
22074
22078
22079
22081
22083
22086
22093
22098
22105
22109
22114
22115
22118
22123
22125
22125
22135
22135
22136
22138
22139
22139
22140
22142
22144
22150
22155
22158
22166
22173
22179
22182
22182
22186
22189
22189
22196
22198
22200
22202
22214
22220
22225
22225
22228
22229
22230
22234
22236
22243
22244
22247
22252
22253
22254
22259
22260
22261
22277
22282
22284
22285
22286
22289
22293
22296
22312
22313
22316
22318
22320
22323
22325
22325
22326
22332
22335
22335
22336
22337
22338
22342
22345
22345
22345
22346
22346
22352
22353
22353
22363
22363
22371
22372
22374
22375
22375
22376
22381
22381
22384
22387
22387
22387
22387
22391
22392
22398
22398
22403
22405
22409
22413
22419
22430
22433
22433
22434
22442
22446
22456
22456
22457
22460
22460
22462
22462
22471
22474
22481
22482
22483
22498
22513
22516
22525
22534
22536
22542
22543
22552
22553
22554
22555
22555
22559
22561
22563
22566
22566
22568
22568
22568
22573
22575
22580
22582
22587
22589
22589
22594
22595
22596
22599
22603
22609
22610
22611
22612
22616
22620
22622
22627
22629
22630
22636
22638
22640
22644
22645
22645
22645
22648
22651
22652
22653
22660
22660
22666
22671
22673
22676
22680
22682
22683
22683
22693
22696
22697
22704
22707
22707
22710
22711
22712
22715
22726
22729
22736
22737
22740
22740
22746
22749
22751
22751
22752
22753
22754
22755
22755
22759
22769
22769
22771
22776
22777
22780
22782
22785
22787
22789
22795
22797
22801
22804
22804
22805
22809
22811
22811
22812
22813
22816
22820
22823
22825
22829
22835
22849
22849
22849
22854
22865
22867
22874
22876
22878
22897
22898
22901
22903
22905
22906
22914
22916
22918
22926
22930
22938
22940
22944
22949
22949
22952
22963
22965
22972
22974
22976
22977
22984
22994
22995
22998
23000
23005
23013
23017
23018
23021
23022
23027
23028
23030
23030
23035
23036
23037
23041
23056
23058
23060
23062
23069
23085
23087
23092
23101
23103
23106
23108
23108
23114
23116
23119
23123
23129
23130
23130
23132
23133
23140
23140
23152
23154
23155
23157
23162
23166
23178
23182
23184
23185
23188
23193
23195
23196
23198
23201
23201
23210
23212
23217
23218
23220
23222
23224
23227
23236
23245
23247
23252
23252
23255
23256
23259
23264
23276
23276
23280
23281
23281
23282
23288
23290
23292
23299
23300
23303
23307
23309
23312
23314
23319
23323
23327
23327
23331
23334
23334
23338
23338
23340
23341
23345
23348
23350
23356
23356
23359
23364
23365
23368
23369
23369
23371
23372
23374
23376
23376
23382
23383
23383
23385
23391
23396
23402
23407
23416
23418
23419
23421
23422
23429
23434
23444
23445
23454
23462
23462
23466
23466
23469
23473
23474
23484
23491
23499
23502
23507
23508
23509
23510
23511
23511
23511
23512
23512
23523
23525
23533
23533
23534
23538
23540
23543
23546
23547
23556
23558
23559
23563
23565
23568
23569
23570
23575
23575
23583
23587
23588
23588
23596
23597
23600
23600
23609
23614
23615
23619
23621
23623
23624
23626
23628
23631
23633
23634
23634
23638
23639
23640
23642
23643
23648
23654
23663
23667
23667
23669
23672
23673
23674
23679
23683
23690
23690
23691
23693
23698
23701
23705
23719
23727
23732
23735
23739
23739
23743
23744
23745
23748
23752
23752
23753
23758
23760
23760
23762
23763
23763
23769
23772
23776
23782
23784
23786
23787
23787
23788
23789
23802
23812
23814
23814
23814
23815
23817
23818
23820
23826
23834
23836
23846
23854
23856
23857
23858
23865
23865
23868
23877
23877
23879
23882
23901
23911
23911
23912
23913
23915
23915
23916
23919
23923
23924
23925
23928
23929
23941
23942
23945
23946
23946
23947
23951
23955
23955
23958
23961
23976
23976
23981
23984
23985
23985
23989
23992
23992
23995
23997
23998
24002
24002
24009
24009
24014
24019
24024
24035
24037
24037
24038
24041
24045
24048
24053
24054
24061
24065
24067
24079
24083
24083
24087
24096
24096
24096
24097
24101
24103
24111
24111
24114
24116
24116
24118
24119
24120
24122
24125
24135
24149
24151
24158
24162
24164
24166
24170
24171
24173
24179
24181
24185
24185
24185
24186
24187
24191
24192
24201
24202
24205
24206
24207
24207
24207
24209
24209
24212
24214
24216
24227
24227
24228
24235
24236
24241
24244
24253
24254
24258
24261
24268
24272
24289
24294
24301
24302
24306
24307
24308
24308
24314
24317
24322
24329
24329
24335
24340
24346
24347
24351
24356
24358
24359
24363
24364
24367
24374
24377
24384
24388
24393
24393
24393
24393
24394
24395
24396
24400
24404
24406
24408
24409
24414
24416
24417
24428
24429
24430
24432
24434
24435
24438
24438
24438
24441
24443
24449
24454
24455
24458
24459
24467
24467
24468
24470
24478
24478
24484
24484
24487
24489
24496
24501
24504
24511
24514
24514
24515
24516
24526
24533
24539
24555
24556
24557
24557
24558
24561
24563
24563
24564
24566
24568
24568
24579
24579
24580
24581
24589
24594
24601
24609
24615
24620
24622
24626
24626
24626
24634
24634
24646
24647
24650
24651
24652
24653
24656
24661
24670
24670
24672
24673
24675
24679
24683
24691
24692
24694
24696
24705
24708
24712
24714
24719
24720
24729
24731
24739
24744
24745
24747
24753
24757
24757
24759
24761
24762
24763
24763
24767
24769
24771
24773
24774
24778
24788
24800
24803
24804
24809
24818
24821
24828
24829
24837
24839
24849
24855
24857
24858
24865
24868
24871
24873
24874
24884
24884
24884
24884
24896
24897
24901
24904
24904
24909
24912
24915
24920
24921
24923
24925
24925
24932
24939
24943
24945
24945
24948
24956
24956
24957
24960
24961
24964
24966
24969
24975
24975
24978
24980
24984
24987
24988
24989
24990
24992
24993
24994
24996
25016
25019
25020
25021
25023
25024
25026
25037
25039
25040
25041
25046
25047
25052
25054
25057
25060
25071
25085
25086
25087
25088
25088
25088
25093
25094
25098
25098
25100
25101
25105
25106
25108
25108
25114
25115
25120
25128
25129
25136
25138
25138
25138
25139
25140
25141
25144
25146
25146
25150
25155
25159
25165
25175
25177
25179
25179
25188
25190
25191
25196
25196
25201
25203
25207
25208
25210
25210
25210
25212
25213
25214
25216
25218
25221
25223
25229
25229
25233
25236
25237
25242
25244
25246
25247
25249
25251
25254
25256
25257
25259
25273
25277
25279
25280
25288
25299
25303
25304
25323
25330
25336
25336
25336
25341
25342
25346
25350
25352
25356
25358
25358
25361
25361
25362
25368
25369
25381
25385
25389
25389
25391
25395
25395
25409
25414
25419
25423
25425
25428
25436
25438
25443
25448
25450
25452
25458
25459
25463
25464
25465
25465
25477
25490
25492
25492
25493
25498
25501
25504
25507
25522
25523
25526
25527
25536
25540
25547
25550
25560
25564
25572
25577
25577
25591
25603
25605
25610
25611
25614
25616
25620
25622
25624
25635
25640
25643
25645
25646
25649
25650
25653
25654
25656
25659
25672
25673
25677
25689
25696
25696
25698
25698
25699
25711
25714
25714
25715
25718
25718
25719
25719
25721
25729
25731
25731
25744
25745
25748
25749
25754
25755
25759
25759
25761
25765
25767
25774
25776
25779
25780
25789
25793
25796
25799
25800
25804
25804
25811
25812
25813
25814
25814
25816
25828
25828
25828
25828
25829
25830
25838
25845
25852
25859
25860
25863
25867
25874
25876
25880
25888
25890
25890
25892
25902
25923
25923
25925
25936
25938
25943
25950
25951
25958
25960
25962
25963
25964
25964
25965
25966
25966
25972
25975
25981
25984
25989
25993
25994
25997
26002
26005
26007
26009
26010
26011
26012
26015
26017
26032
26034
26034
26036
26036
26039
26046
26050
26054
26059
26059
26060
26064
26069
26081
26084
26085
26089
26091
26091
26107
26108
26109
26113
26114
26117
26117
26125
26127
26129
26132
26132
26133
26133
26133
26137
26139
26139
26146
26146
26150
26153
26153
26160
26160
26162
26172
26178
26180
26182
26183
26191
26196
26198
26203
26204
26208
26210
26212
26212
26215
26219
26221
26225
26229
26229
26231
26233
26241
26242
26244
26244
26245
26247
26248
26253
26255
26257
26261
26261
26261
26265
26269
26282
26283
26283
26284
26293
26294
26295
26297
26298
26300
26301
26303
26305
26309
26318
26318
26320
26320
26327
26333
26333
26338
26344
26344
26346
26348
26350
26352
26356
26357
26358
26359
26362
26365
26372
26374
26377
26379
26380
26382
26388
26394
26400
26401
26402
26404
26407
26409
26412
26416
26417
26420
26426
26429
26436
26438
26439
26446
26452
26455
26457
26461
26464
26465
26466
26467
26472
26476
26482
26484
26491
26492
26492
26495
26499
26501
26509
26513
26515
26524
26528
26529
26531
26535
26536
26537
26539
26541
26543
26544
26548
26549
26551
26552
26562
26568
26579
26580
26582
26584
26585
26585
26585
26586
26593
26594
26596
26603
26604
26609
26612
26614
26619
26624
26627
26628
26635
26645
26648
26650
26658
26659
26660
26664
26666
26675
26679
26680
26684
26685
26688
26689
26705
26710
26710
26713
26717
26718
26720
26720
26722
26723
26726
26734
26742
26742
26750
26754
26755
26756
26760
26760
26762
26764
26766
26768
26770
26771
26774
26776
26780
26781
26783
26786
26788
26793
26802
26808
26811
26811
26813
26813
26815
26816
26821
26824
26831
26832
26835
26849
26854
26857
26862
26863
26869
26874
26878
26879
26880
26881
26884
26889
26892
26895
26895
26896
26902
26904
26911
26911
26914
26916
26916
26916
26917
26926
26933
26938
26938
26941
26941
26946
26948
26950
26953
26956
26956
26957
26958
26959
26962
26963
26964
26968
26970
26970
26970
26971
26972
26975
26979
26983
26984
26993
27012
27017
27021
27023
27023
27027
27030
27037
27040
27044
27050
27059
27067
27070
27073
27077
27080
27081
27082
27083
27083
27085
27088
27089
27104
27105
27115
27116
27118
27121
27133
27135
27138
27142
27151
27154
27157
27157
27159
27161
27162
27163
27164
27165
27167
27167
27168
27170
27178
27187
27188
27189
27192
27195
27198
27206
27206
27207
27208
27210
27213
27216
27218
27223
27223
27229
27229
27230
27238
27238
27240
27243
27243
27245
27252
27259
27270
27272
27273
27274
27278
27285
27286
27287
27292
27297
27298
27302
27302
27304
27308
27313
27316
27319
27331
27332
27333
27335
27335
27351
27352
27354
27356
27370
27372
27373
27376
27386
27390
27394
27400
27404
27405
27405
27406
27410
27416
27417
27421
27428
27434
27435
27437
27440
27443
27443
27445
27451
27452
27454
27466
27467
27472
27474
27477
27490
27490
27492
27495
27500
27503
27512
27513
27516
27519
27522
27525
27526
27528
27530
27531
27533
27534
27535
27536
27538
27539
27541
27541
27543
27550
27556
27556
27565
27569
27572
27573
27589
27595
27608
27609
27611
27612
27617
27617
27617
27627
27627
27634
27642
27642
27642
27648
27651
27671
27674
27675
27679
27681
27682
27685
27685
27694
27696
27696
27697
27702
27703
27704
27709
27710
27713
27714
27721
27730
27731
27731
27732
27732
27734
27734
27746
27748
27749
27755
27758
27758
27759
27759
27769
27770
27771
27773
27773
27775
27782
27782
27782
27783
27784
27785
27785
27786
27788
27793
27793
27794
27796
27797
27806
27813
27814
27821
27821
27825
27826
27827
27828
27829
27832
27833
27834
27836
27839
27841
27842
27844
27845
27858
27860
27861
27865
27869
27870
27872
27873
27873
27878
27881
27882
27883
27884
27884
27891
27902
27908
27913
27914
27921
27922
27926
27928
27930
27931
27933
27934
27935
27939
27942
27947
27951
27952
27952
27955
27957
27960
27965
27971
27972
27976
27982
27982
27987
27988
27992
27998
28000
28001
28003
28006
28009
28009
28010
28010
28015
28016
28025
28025
28026
28027
28027
28031
28041
28045
28045
28052
28060
28060
28063
28067
28070
28080
28088
28088
28091
28091
28092
28093
28095
28097
28100
28105
28111
28111
28112
28113
28118
28122
28123
28124
28127
28129
28135
28138
28146
28147
28149
28151
28152
28154
28173
28174
28181
28186
28186
28187
28188
28189
28195
28197
28197
28200
28204
28211
28212
28212
28225
28227
28230
28237
28238
28241
28242
28243
28248
28249
28255
28256
28262
28269
28271
28271
28272
28273
28276
28288
28290
28299
28301
28310
28312
28316
28317
28320
28342
28343
28344
28350
28352
28359
28359
28360
28360
28362
28368
28374
28376
28384
28389
28390
28391
28401
28405
28413
28413
28415
28418
28419
28419
28423
28424
28427
28428
28429
28430
28432
28435
28436
28438
28444
28444
28449
28451
28455
28458
28459
28463
28464
28464
28467
28472
28472
28473
28474
28480
28480
28482
28482
28486
28487
28493
28496
28498
28499
28503
28504
28508
28509
28510
28512
28515
28517
28519
28520
28521
28522
28526
28529
28529
28535
28539
28542
28546
28548
28549
28551
28554
28555
28557
28558
28558
28570
28571
28593
28596
28608
28617
28618
28620
28620
28622
28631
28632
28633
28634
28644
28648
28651
28653
28653
28653
28657
28658
28666
28670
28670
28676
28680
28680
28681
28686
28686
28691
28692
28694
28703
28705
28707
28710
28713
28715
28718
28723
28723
28724
28729
28732
28733
28735
28736
28738
28738
28738
28740
28741
28742
28747
28748
28752
28754
28755
28760
28761
28761
28762
28765
28766
28766
28777
28781
28784
28785
28788
28789
28795
28801
28801
28803
28805
28806
28807
28817
28819
28819
28820
28823
28823
28827
28829
28830
28831
28831
28833
28837
28839
28839
28842
28842
28843
28843
28848
28849
28849
28851
28853
28854
28858
28859
28859
28863
28864
28865
28865
28868
28869
28870
28877
28880
28883
28884
28891
28896
28898
28902
28903
28905
28907
28911
28912
28912
28913
28913
28913
28916
28921
28922
28924
28924
28933
28936
28939
28945
28946
28950
28952
28956
28959
28960
28966
28968
28970
28973
28975
28977
28978
29000
29003
29010
29015
29018
29019
29020
29023
29024
29025
29026
29027
29029
29032
29038
29043
29045
29049
29050
29055
29059
29066
29077
29079
29095
29095
29097
29098
29101
29101
29108
29112
29114
29115
29119
29120
29123
29124
29129
29134
29136
29137
29141
29142
29149
29150
29150
29155
29160
29160
29161
29162
29164
29171
29174
29181
29181
29183
29185
29186
29187
29188
29189
29191
29192
29197
29202
29202
29204
29207
29208
29216
29217
29221
29222
29226
29236
29242
29252
29252
29252
29253
29257
29261
29261
29263
29264
29267
29267
29269
29271
29288
29290
29291
29294
29298
29300
29300
29301
29306
29307
29309
29311
29311
29311
29314
29316
29317
29319
29321
29324
29325
29325
29326
29332
29334
29339
29340
29343
29351
29353
29358
29361
29363
29365
29369
29370
29374
29378
29379
29379
29382
29383
29388
29397
29404
29414
29418
29423
29427
29429
29432
29436
29440
29442
29443
29443
29446
29447
29449
29454
29457
29463
29464
29467
29468
29472
29474
29478
29497
29503
29506
29514
29521
29528
29537
29538
29541
29543
29547
29557
29559
29575
29575
29579
29584
29585
29585
29590
29593
29593
29597
29597
29601
29603
29604
29610
29615
29615
29618
29620
29620
29622
29623
29625
29629
29632
29634
29637
29638
29638
29640
29640
29653
29657
29660
29662
29663
29667
29672
29673
29675
29676
29676
29680
29686
29700
29703
29704
29706
29709
29709
29719
29720
29721
29722
29734
29734
29737
29738
29740
29740
29743
29744
29746
29752
29754
29755
29756
29756
29759
29763
29764
29780
29781
29782
29782
29788
29791
29794
29804
29805
29810
29819
29821
29824
29824
29834
29857
29862
29863
29864
29866
29871
29873
29880
29885
29886
29892
29895
29895
29895
29897
29897
29899
29900
29902
29903
29913
29915
29918
29921
29931
29934
29935
29945
29953
29954
29956
29966
29967
29970
29973
29973
29973
29976
29983
29985
29994
29995
30005
30010
30011
30012
30013
30017
30020
30020
30024
30026
30035
30039
30042
30045
30049
30055
30057
30063
30065
30067
30067
30072
30089
30091
30092
30094
30094
30096
30096
30101
30101
30106
30107
30110
30112
30115
30118
30123
30124
30126
30129
30129
30130
30130
30133
30137
30137
30142
30142
30152
30158
30158
30163
30171
30176
30184
30185
30188
30193
30194
30200
30206
30214
30218
30223
30224
30228
30229
30247
30255
30256
30259
30260
30260
30266
30268
30272
30277
30280
30282
30284
30290
30291
30299
30300
30301
30303
30303
30311
30320
30322
30325
30325
30328
30329
30337
30338
30340
30341
30348
30353
30360
30367
30368
30369
30370
30372
30376
30381
30382
30385
30388
30393
30396
30400
30401
30404
30408
30420
30420
30420
30425
30427
30430
30437
30440
30441
30443
30444
30446
30446
30448
30449
30455
30455
30458
30462
30462
30465
30468
30468
30473
30474
30477
30478
30481
30491
30497
30498
30500
30502
30505
30508
30509
30510
30511
30512
30514
30518
30519
30520
30520
30525
30525
30526
30528
30539
30545
30547
30551
30551
30553
30557
30559
30560
30560
30561
30563
30568
30572
30575
30584
30587
30590
30593
30597
30604
30611
30615
30617
30619
30624
30627
30629
30631
30634
30638
30645
30650
30665
30668
30668
30673
30674
30675
30675
30676
30679
30683
30683
30688
30694
30697
30699
30700
30701
30702
30704
30705
30707
30707
30707
30709
30709
30713
30734
30735
30738
30740
30740
30745
30746
30749
30753
30764
30764
30766
30766
30768
30774
30777
30782
30786
30787
30789
30794
30803
30805
30806
30807
30810
30812
30813
30820
30820
30828
30836
30839
30843
30853
30854
30857
30858
30861
30865
30871
30877
30882
30886
30892
30892
30900
30904
30920
30920
30920
30920
30921
30924
30935
30936
30941
30947
30948
30949
30951
30951
30954
30956
30958
30959
30970
30979
30980
30980
30984
30984
30985
30986
30992
30995
31001
31002
31007
31008
31010
31013
31020
31020
31024
31024
31029
31030
31034
31034
31034
31044
31048
31054
31061
31062
31066
31066
31068
31071
31079
31084
31087
31089
31097
31101
31106
31110
31110
31113
31115
31117
31118
31119
31120
31123
31126
31126
31131
31134
31140
31141
31145
31161
31164
31167
31169
31172
31174
31175
31178
31179
31181
31182
31183
31184
31191
31196
31196
31198
31199
31201
31202
31205
31208
31210
31220
31226
31227
31228
31233
31246
31249
31249
31250
31256
31257
31258
31262
31263
31264
31264
31267
31268
31272
31274
31277
31280
31282
31286
31286
31289
31290
31292
31293
31293
31298
31314
31315
31316
31318
31319
31319
31322
31324
31326
31330
31332
31333
31342
31346
31350
31354
31360
31362
31367
31378
31384
31388
31394
31404
31410
31417
31418
31427
31429
31431
31432
31433
31435
31435
31436
31439
31440
31441
31441
31443
31448
31451
31457
31458
31459
31461
31462
31470
31476
31477
31485
31485
31485
31486
31488
31493
31495
31498
31499
31502
31509
31511
31516
31518
31518
31523
31529
31534
31535
31536
31538
31544
31546
31549
31550
31551
31555
31559
31562
31562
31568
31573
31576
31581
31583
31591
31592
31604
31604
31605
31605
31611
31624
31625
31626
31630
31635
31641
31642
31648
31652
31658
31660
31660
31661
31662
31663
31664
31672
31683
31684
31687
31693
31702
31707
31708
31710
31715
31719
31720
31724
31725
31732
31733
31736
31736
31740
31742
31747
31752
31755
31757
31757
31760
31760
31765
31769
31781
31792
31793
31794
31799
31804
31805
31805
31805
31806
31809
31818
31826
31826
31827
31837
31844
31844
31844
31846
31847
31847
31849
31850
31857
31858
31858
31859
31860
31864
31865
31866
31869
31869
31871
31872
31874
31878
31882
31889
31892
31895
31902
31902
31905
31907
31917
31921
31927
31929
31932
31935
31935
31939
31944
31945
31946
31948
31954
31957
31961
31968
31970
31977
31983
31985
31986
31987
31988
32000
32002
32006
32012
32016
32017
32020
32024
32027
32029
32029
32034
32037
32037
32042
32053
32065
32065
32066
32071
32072
32074
32075
32076
32092
32097
32097
32101
32102
32105
32113
32116
32117
32121
32122
32124
32126
32126
32137
32144
32144
32146
32149
32151
32155
32160
32167
32168
32171
32175
32185
32188
32193
32195
32195
32199
32204
32209
32211
32218
32221
32223
32227
32228
32232
32232
32233
32236
32238
32242
32242
32244
32250
32255
32255
32262
32266
32270
32270
32271
32277
32278
32280
32282
32287
32287
32287
32289
32290
32291
32292
32292
32294
32295
32303
32304
32305
32311
32315
32315
32318
32320
32321
32321
32329
32331
32332
32333
32335
32340
32347
32348
32351
32353
32356
32359
32369
32375
32375
32376
32381
32382
32383
32392
32393
32394
32397
32397
32404
32412
32421
32427
32429
32435
32435
32435
32436
32438
32442
32445
32446
32448
32448
32449
32452
32453
32456
32457
32458
32460
32460
32461
32462
32463
32464
32464
32466
32471
32471
32472
32474
32476
32477
32479
32491
32491
32502
32502
32512
32517
32518
32519
32523
32523
32528
32529
32532
32535
32538
32539
32539
32543
32544
32553
32554
32565
32565
32567
32568
32572
32575
32576
32594
32597
32604
32606
32610
32634
32634
32635
32639
32640
32647
32648
32652
32656
32660
32667
32672
32674
32676
32681
32685
32688
32698
32698
32699
32700
32704
32708
32710
32721
32722
32738
32739
32740
32751
32751
32766
32769
32772
32775
32777
32777
32780
32781
32782
32783
32783
32796
32796
32802
32804
32805
32810
32810
32811
32813
32816
32824
32839
32840
32848
32850
32853
32855
32863
32865
32870
32879
32879
32879
32880
32882
32883
32888
32888
32891
32900
32904
32906
32907
32910
32912
32914
32919
32926
32930
32931
32932
32939
32940
32948
32948
32952
32953
32953
32960
32967
32972
32973
32985
32994
32999
33006
33008
33028
33029
33037
33044
33049
33051
33052
33058
33060
33060
33068
33079
33080
33080
33080
33084
33099
33107
33107
33108
33109
33110
33119
33120
33125
33132
33134
33136
33137
33139
33140
33141
33141
33145
33150
33153
33161
33164
33172
33173
33179
33179
33183
33183
33186
33189
33191
33194
33195
33199
33200
33201
33203
33203
33204
33207
33212
33223
33224
33226
33231
33233
33235
33246
33252
33253
33262
33267
33272
33290
33294
33299
33301
33303
33310
33310
33315
33316
33323
33325
33330
33335
33335
33340
33341
33341
33343
33347
33348
33354
33358
33358
33359
33363
33366
33368
33373
33378
33389
33394
33395
33400
33406
33407
33407
33409
33411
33413
33417
33417
33426
33427
33434
33434
33441
33447
33450
33454
33458
33470
33472
33477
33477
33479
33485
33493
33495
33497
33499
33500
33501
33505
33506
33508
33514
33515
33522
33523
33527
33540
33541
33543
33549
33551
33555
33556
33559
33560
33561
33562
33571
33573
33573
33576
33581
33587
33593
33593
33594
33601
33604
33617
33623
33624
33635
33638
33639
33641
33642
33646
33649
33650
33660
33661
33665
33666
33679
33685
33685
33685
33685
33686
33689
33692
33697
33699
33702
33706
33708
33709
33709
33710
33710
33712
33716
33716
33717
33718
33721
33724
33727
33741
33742
33746
33750
33751
33751
33754
33757
33761
33764
33764
33765
33767
33769
33770
33774
33782
33783
33785
33786
33787
33790
33798
33806
33811
33811
33814
33817
33818
33820
33820
33821
33822
33827
33827
33829
33829
33833
33837
33841
33847
33848
33855
33858
33862
33865
33869
33873
33878
33881
33882
33884
33885
33889
33889
33890
33891
33897
33903
33904
33905
33907
33914
33919
33920
33920
33923
33923
33924
33924
33926
33937
33940
33955
33957
33962
33964
33973
33977
33978
33980
33980
33981
33985
33986
33988
33997
33999
33999
33999
33999
34001
34001
34014
34014
34019
34020
34021
34023
34024
34033
34035
34035
34039
34042
34046
34048
34051
34055
34056
34061
34062
34066
34066
34067
34068
34070
34071
34074
34078
34080
34080
34081
34082
34082
34083
34091
34104
34105
34106
34120
34121
34126
34137
34139
34143
34145
34146
34148
34161
34172
34174
34176
34179
34182
34189
34194
34197
34200
34201
34209
34217
34217
34220
34221
34222
34222
34224
34224
34227
34231
34232
34234
34236
34244
34244
34246
34246
34247
34248
34249
34252
34252
34254
34257
34258
34258
34261
34262
34262
34263
34283
34284
34288
34290
34292
34297
34302
34302
34304
34304
34307
34308
34316
34319
34320
34322
34323
34326
34327
34329
34333
34345
34345
34358
34364
34365
34399
34399
34400
34402
34403
34404
34406
34407
34408
34409
34413
34414
34415
34418
34430
34431
34436
34443
34445
34448
34452
34455
34455
34460
34461
34465
34468
34469
34473
34482
34489
34490
34495
34496
34497
34499
34507
34510
34515
34520
34520
34520
34520
34521
34523
34526
34529
34535
34537
34538
34538
34542
34557
34561
34561
34564
34576
34576
34583
34586
34593
34595
34597
34599
34600
34601
34604
34605
34606
34607
34608
34610
34610
34611
34612
34615
34615
34618
34623
34624
34628
34630
34631
34635
34636
34636
34641
34641
34644
34650
34655
34658
34659
34660
34661
34662
34668
34668
34676
34680
34680
34683
34686
34693
34697
34700
34703
34703
34709
34715
34717
34719
34724
34727
34729
34734
34739
34741
34745
34746
34749
34750
34755
34756
34758
34761
34762
34763
34764
34769
34771
34772
34775
34776
34777
34778
34780
34783
34786
34789
34794
34795
34797
34800
34802
34803
34807
34810
34823
34824
34826
34834
34846
34848
34849
34849
34855
34857
34859
34864
34864
34868
34869
34874
34875
34882
34883
34884
34887
34895
34897
34897
34900
34901
34901
34902
34903
34905
34907
34911
34917
34919
34919
34923
34926
34931
34932
34932
34934
34938
34938
34940
34940
34942
34945
34947
34948
34953
34953
34962
34962
34963
34963
34966
34969
34973
34978
34979
34980
34983
34984
34984
34985
34986
34988
34989
34996
35003
35004
35005
35006
35006
35007
35022
35023
35026
35030
35031
35037
35039
35042
35046
35046
35050
35057
35058
35058
35066
35068
35069
35071
35085
35087
35087
35091
35094
35094
35095
35095
35097
35101
35105
35108
35109
35110
35112
35115
35116
35120
35120
35121
35124
35128
35131
35132
35141
35142
35144
35145
35150
35155
35155
35162
35169
35178
35179
35183
35187
35193
35195
35199
35204
35205
35214
35221
35228
35232
35232
35237
35238
35243
35248
35249
35251
35252
35252
35252
35261
35261
35267
35274
35275
35285
35292
35295
35295
35298
35298
35298
35302
35309
35311
35311
35313
35323
35325
35328
35328
35331
35337
35347
35355
35364
35367
35368
35368
35368
35368
35379
35380
35384
35387
35390
35390
35397
35402
35407
35421
35421
35423
35430
35433
35435
35438
35445
35453
35453
35458
35458
35463
35469
35470
35470
35479
35483
35486
35493
35496
35497
35498
35498
35500
35505
35509
35512
35512
35514
35514
35515
35521
35522
35531
35537
35538
35539
35539
35543
35545
35548
35551
35553
35553
35559
35561
35562
35562
35563
35565
35567
35567
35570
35575
35579
35584
35586
35586
35587
35588
35588
35592
35595
35601
35602
35604
35609
35618
35623
35626
35628
35629
35632
35635
35636
35637
35644
35644
35647
35647
35649
35650
35650
35653
35654
35658
35661
35662
35667
35669
35669
35670
35672
35674
35677
35679
35679
35686
35689
35689
35694
35695
35698
35701
35704
35704
35708
35708
35710
35712
35713
35720
35721
35721
35726
35727
35733
35735
35740
35740
35743
35747
35752
35755
35756
35759
35760
35761
35763
35765
35773
35782
35784
35785
35789
35793
35798
35798
35801
35804
35816
35821
35821
35843
35845
35846
35849
35851
35853
35863
35870
35884
35891
35892
35892
35898
35903
35906
35909
35912
35913
35920
35920
35925
35926
35927
35934
35943
35952
35957
35960
35962
35968
35975
35975
35983
35983
35984
35984
35992
35992
35995
35997
35999
36007
36009
36010
36012
36013
36017
36019
36019
36020
36023
36023
36024
36030
36032
36037
36039
36039
36043
36050
36050
36051
36055
36057
36062
36065
36065
36065
36075
36078
36091
36091
36096
36098
36099
36102
36102
36117
36119
36122
36127
36127
36128
36129
36132
36133
36134
36136
36137
36137
36140
36145
36164
36199
36201
36202
36202
36206
36210
36212
36216
36221
36221
36226
36226
36227
36228
36229
36233
36237
36245
36246
36246
36249
36263
36267
36279
36279
36282
36284
36293
36297
36302
36302
36306
36307
36313
36313
36314
36315
36317
36320
36324
36327
36329
36331
36332
36337
36342
36342
36345
36350
36353
36357
36365
36368
36370
36373
36375
36377
36378
36382
36386
36389
36390
36393
36398
36405
36405
36406
36409
36409
36409
36413
36415
36417
36421
36422
36423
36424
36431
36433
36437
36442
36445
36448
36449
36456
36456
36470
36474
36480
36484
36486
36488
36490
36495
36495
36498
36498
36500
36505
36511
36511
36517
36519
36520
36522
36522
36533
36543
36546
36548
36556
36560
36562
36567
36568
36581
36581
36582
36582
36593
36595
36598
36600
36602
36603
36605
36613
36613
36616
36617
36620
36621
36622
36623
36626
36626
36628
36633
36634
36636
36638
36641
36641
36644
36647
36649
36658
36658
36659
36661
36680
36681
36681
36688
36696
36699
36704
36704
36706
36707
36712
36712
36714
36716
36718
36718
36727
36729
36734
36738
36739
36740
36742
36742
36742
36753
36755
36759
36763
36764
36767
36767
36774
36774
36775
36776
36783
36783
36783
36788
36794
36795
36798
36800
36801
36815
36818
36825
36825
36828
36837
36842
36853
36854
36855
36861
36862
36871
36871
36871
36872
36872
36873
36874
36878
36879
36883
36883
36887
36890
36893
36896
36896
36897
36898
36899
36904
36908
36908
36912
36919
36922
36929
36933
36933
36933
36940
36942
36942
36943
36947
36952
36956
36961
36962
36968
36974
36980
36982
36983
36990
36993
36994
36994
36994
36994
36996
36997
37008
37012
37014
37018
37020
37020
37023
37026
37029
37037
37041
37049
37049
37050
37051
37055
37057
37057
37058
37070
37071
37071
37082
37084
37084
37086
37089
37091
37093
37096
37100
37106
37111
37112
37114
37117
37119
37120
37123
37123
37124
37131
37131
37133
37141
37142
37151
37154
37158
37159
37163
37163
37164
37165
37170
37171
37174
37176
37177
37185
37188
37195
37212
37220
37221
37225
37226
37230
37233
37235
37242
37242
37245
37248
37258
37258
37261
37262
37265
37266
37266
37268
37271
37274
37275
37285
37287
37289
37292
37293
37294
37296
37300
37304
37304
37305
37307
37311
37315
37315
37315
37333
37333
37341
37344
37344
37348
37355
37356
37357
37360
37368
37370
37375
37378
37388
37390
37400
37408
37410
37416
37417
37424
37427
37432
37434
37436
37441
37441
37443
37445
37452
37458
37461
37469
37472
37478
37482
37482
37487
37506
37507
37507
37510
37515
37515
37518
37518
37518
37519
37521
37526
37528
37546
37546
37547
37553
37563
37563
37565
37567
37581
37582
37582
37587
37589
37590
37591
37591
37595
37595
37598
37599
37599
37601
37603
37608
37614
37617
37622
37627
37631
37632
37641
37641
37641
37648
37648
37650
37651
37654
37654
37659
37660
37660
37664
37674
37675
37690
37691
37694
37695
37696
37698
37702
37706
37711
37717
37724
37731
37732
37735
37735
37741
37750
37758
37763
37767
37769
37772
37773
37777
37779
37783
37788
37790
37791
37794
37804
37814
37816
37821
37823
37824
37824
37825
37826
37828
37830
37833
37838
37843
37843
37848
37852
37856
37858
37863
37863
37864
37866
37873
37874
37881
37886
37887
37893
37893
37894
37898
37899
37915
37915
37930
37940
37946
37955
37956
37958
37968
37970
37971
37973
37976
37976
37980
37984
37990
37990
37994
37996
37999
38000
38001
38002
38005
38006
38011
38012
38018
38019
38026
38028
38033
38035
38038
38040
38051
38052
38067
38076
38081
38081
38083
38088
38088
38089
38100
38107
38108
38112
38113
38116
38117
38121
38132
38133
38134
38135
38135
38137
38146
38148
38153
38159
38160
38163
38166
38166
38167
38169
38170
38181
38184
38186
38193
38193
38198
38203
38205
38207
38212
38230
38240
38244
38245
38248
38249
38251
38260
38268
38278
38279
38280
38280
38285
38296
38300
38304
38306
38308
38314
38317
38324
38328
38330
38331
38338
38341
38341
38343
38349
38352
38354
38356
38357
38357
38367
38368
38369
38369
38369
38370
38370
38378
38381
38385
38387
38390
38390
38394
38395
38396
38398
38400
38403
38403
38406
38406
38412
38413
38421
38425
38427
38430
38435
38437
38440
38442
38442
38448
38449
38449
38450
38455
38456
38464
38464
38468
38469
38471
38473
38477
38482
38484
38485
38486
38487
38494
38494
38495
38496
38499
38502
38504
38507
38511
38514
38517
38519
38521
38524
38524
38525
38526
38528
38528
38532
38534
38534
38538
38542
38546
38547
38548
38548
38548
38553
38553
38558
38558
38569
38570
38575
38580
38582
38584
38588
38589
38593
38596
38597
38597
38603
38605
38616
38617
38618
38620
38624
38627
38630
38632
38639
38643
38644
38644
38650
38660
38668
38669
38671
38671
38675
38685
38689
38690
38696
38696
38699
38699
38700
38700
38704
38704
38708
38713
38717
38721
38722
38731
38732
38733
38733
38735
38740
38742
38742
38743
38752
38755
38755
38758
38759
38762
38763
38766
38771
38772
38775
38790
38793
38799
38800
38802
38805
38811
38811
38816
38817
38819
38821
38825
38832
38837
38844
38854
38856
38877
38884
38885
38893
38896
38898
38900
38900
38901
38912
38913
38926
38928
38929
38931
38940
38940
38941
38943
38944
38946
38952
38954
38955
38956
38956
38957
38958
38964
38967
38974
38976
38986
38992
38992
39004
39010
39019
39022
39024
39030
39034
39036
39038
39039
39044
39044
39054
39054
39062
39078
39085
39085
39094
39094
39095
39097
39098
39098
39099
39100
39107
39108
39108
39109
39118
39121
39121
39123
39131
39132
39132
39138
39143
39145
39147
39152
39154
39160
39165
39167
39168
39171
39175
39181
39189
39192
39192
39193
39198
39206
39206
39211
39212
39215
39215
39221
39222
39225
39227
39229
39231
39231
39232
39235
39235
39239
39247
39248
39254
39257
39258
39273
39276
39281
39284
39293
39293
39296
39300
39301
39303
39310
39311
39312
39313
39319
39321
39322
39326
39332
39334
39336
39336
39338
39339
39339
39345
39347
39353
39354
39357
39361
39365
39365
39371
39377
39378
39384
39386
39388
39396
39400
39401
39404
39409
39412
39415
39416
39420
39422
39433
39434
39434
39436
39436
39446
39450
39451
39453
39455
39458
39463
39466
39468
39468
39469
39477
39481
39484
39486
39489
39490
39493
39498
39498
39501
39501
39502
39507
39507
39507
39511
39512
39513
39516
39517
39517
39518
39520
39523
39524
39524
39526
39527
39533
39540
39546
39550
39555
39559
39559
39563
39565
39565
39567
39573
39574
39582
39588
39590
39594
39596
39597
39598
39599
39600
39604
39605
39612
39612
39613
39617
39625
39628
39631
39632
39633
39634
39637
39639
39640
39643
39646
39649
39651
39652
39652
39654
39658
39669
39669
39669
39670
39671
39681
39681
39684
39685
39687
39689
39690
39690
39691
39701
39708
39721
39722
39728
39738
39742
39744
39745
39749
39752
39756
39757
39763
39769
39771
39771
39773
39778
39778
39778
39779
39784
39790
39793
39794
39799
39799
39800
39800
39802
39804
39811
39814
39815
39821
39822
39831
39834
39840
39840
39841
39841
39849
39858
39864
39865
39866
39867
39868
39872
39878
39880
39883
39902
39906
39908
39921
39924
39926
39935
39938
39942
39944
39944
39964
39965
39973
39978
39979
39990
39992
39993
39995
39998
40000
40003
40012
40013
40018
40019
40020
40022
40027
40028
40030
40034
40035
40036
40043
40045
40049
40052
40057
40058
40059
40062
40063
40067
40082
40083
40087
40088
40090
40091
40095
40096
40098
40099
40101
40101
40120
40120
40126
40128
40140
40146
40148
40149
40150
40150
40154
40158
40172
40175
40176
40182
40184
40190
40191
40193
40200
40201
40202
40203
40205
40208
40209
40214
40222
40226
40227
40227
40229
40229
40239
40240
40245
40246
40253
40257
40258
40264
40264
40274
40274
40275
40276
40281
40281
40282
40283
40288
40293
40297
40304
40309
40315
40329
40338
40338
40344
40346
40348
40354
40356
40359
40364
40367
40367
40372
40374
40379
40384
40386
40388
40391
40392
40396
40399
40401
40401
40404
40407
40414
40419
40422
40423
40424
40433
40433
40435
40437
40439
40441
40445
40446
40447
40454
40455
40458
40462
40464
40469
40472
40474
40474
40484
40487
40499
40507
40526
40533
40538
40539
40540
40544
40545
40548
40557
40563
40564
40566
40568
40573
40577
40577
40579
40591
40594
40596
40597
40602
40604
40606
40612
40613
40614
40614
40615
40616
40618
40624
40624
40627
40629
40632
40636
40637
40639
40647
40656
40660
40664
40665
40668
40669
40672
40678
40689
40691
40692
40700
40702
40704
40708
40727
40729
40730
40732
40735
40735
40736
40740
40742
40748
40752
40752
40752
40755
40758
40759
40760
40762
40766
40769
40771
40772
40772
40773
40775
40775
40779
40784
40793
40794
40796
40799
40800
40804
40804
40806
40808
40808
40816
40820
40824
40827
40831
40832
40835
40839
40839
40840
40843
40845
40852
40855
40855
40857
40867
40868
40868
40873
40878
40879
40882
40883
40889
40891
40892
40898
40900
40905
40907
40910
40912
40914
40915
40917
40918
40918
40918
40919
40921
40922
40924
40926
40929
40935
40939
40939
40939
40944
40944
40948
40948
40957
40963
40968
40972
40973
40983
40983
40992
40997
41005
41007
41010
41014
41014
41015
41018
41041
41045
41046
41049
41053
41067
41068
41069
41081
41085
41093
41095
41096
41099
41100
41101
41107
41107
41110
41112
41113
41115
41119
41122
41123
41130
41136
41136
41137
41139
41145
41146
41148
41154
41157
41157
41157
41165
41165
41169
41178
41179
41181
41181
41181
41182
41192
41210
41212
41218
41222
41231
41234
41239
41239
41242
41254
41255
41256
41259
41266
41268
41271
41271
41272
41274
41274
41276
41281
41282
41288
41293
41293
41297
41299
41300
41302
41308
41313
41316
41320
41320
41320
41322
41324
41335
41343
41344
41344
41368
41372
41379
41384
41384
41386
41389
41394
41395
41402
41408
41410
41413
41414
41418
41418
41420
41420
41423
41427
41430
41432
41432
41433
41435
41435
41436
41440
41456
41456
41458
41458
41466
41466
41468
41470
41470
41472
41477
41477
41483
41484
41485
41485
41486
41488
41489
41489
41491
41491
41502
41512
41517
41519
41521
41522
41525
41538
41538
41539
41540
41543
41565
41566
41567
41569
41574
41575
41577
41583
41585
41586
41587
41589
41591
41597
41598
41603
41603
41606
41606
41610
41612
41618
41619
41620
41621
41623
41624
41626
41627
41628
41629
41630
41639
41639
41639
41640
41641
41647
41655
41656
41656
41660
41662
41666
41666
41670
41670
41673
41673
41677
41679
41680
41688
41689
41694
41696
41696
41696
41697
41699
41701
41702
41704
41707
41708
41710
41711
41714
41720
41722
41732
41733
41734
41734
41737
41749
41750
41750
41752
41755
41756
41756
41758
41758
41759
41761
41762
41763
41765
41767
41769
41771
41772
41772
41773
41774
41777
41781
41782
41783
41785
41791
41793
41798
41798
41801
41814
41817
41817
41818
41820
41824
41827
41830
41833
41836
41837
41839
41843
41844
41850
41850
41854
41859
41862
41864
41866
41870
41872
41872
41873
41874
41876
41878
41880
41881
41882
41887
41892
41895
41896
41899
41901
41905
41912
41913
41915
41916
41917
41919
41922
41922
41922
41923
41924
41926
41931
41931
41932
41934
41938
41939
41943
41943
41945
41946
41948
41954
41971
41973
41982
41984
41990
41990
41997
41997
42016
42016
42017
42018
42020
42022
42026
42027
42032
42034
42037
42039
42040
42040
42047
42047
42048
42052
42055
42061
42063
42065
42070
42070
42076
42076
42079
42079
42080
42088
42088
42091
42093
42098
42099
42105
42109
42110
42117
42118
42119
42122
42123
42124
42127
42130
42132
42138
42142
42143
42145
42151
42156
42160
42169
42169
42173
42180
42190
42190
42190
42191
42193
42200
42201
42202
42202
42204
42205
42208
42211
42214
42222
42222
42226
42227
42231
42238
42239
42240
42240
42248
42249
42253
42253
42253
42253
42254
42260
42261
42261
42264
42273
42281
42284
42285
42286
42286
42290
42292
42303
42307
42312
42318
42320
42322
42326
42334
42337
42342
42343
42349
42353
42355
42359
42360
42366
42368
42372
42376
42376
42380
42382
42382
42383
42390
42397
42397
42403
42404
42407
42414
42416
42425
42427
42439
42442
42451
42453
42463
42464
42470
42472
42474
42476
42483
42488
42491
42491
42494
42495
42497
42497
42506
42512
42512
42515
42515
42516
42520
42524
42525
42525
42527
42527
42530
42536
42537
42541
42543
42543
42544
42546
42547
42551
42558
42570
42570
42573
42573
42576
42577
42578
42579
42580
42581
42583
42588
42600
42601
42604
42605
42612
42615
42618
42618
42627
42628
42630
42639
42640
42643
42657
42661
42663
42669
42672
42677
42678
42679
42689
42690
42693
42693
42695
42696
42699
42701
42702
42702
42728
42741
42741
42748
42749
42751
42752
42754
42754
42755
42759
42760
42764
42766
42770
42772
42774
42774
42784
42784
42787
42788
42790
42793
42795
42798
42802
42813
42818
42819
42825
42825
42835
42835
42842
42844
42849
42852
42857
42862
42877
42877
42878
42885
42886
42887
42888
42889
42889
42895
42899
42899
42902
42904
42904
42918
42927
42932
42933
42938
42939
42939
42941
42942
42950
42953
42954
42954
42954
42957
42958
42963
42964
42964
42968
42974
42976
42977
42979
42979
42980
42981
42981
42985
42987
42989
42991
42994
42995
42997
42998
43004
43010
43012
43015
43024
43033
43034
43037
43037
43038
43039
43044
43048
43049
43053
43062
43065
43066
43067
43069
43076
43078
43082
43082
43084
43084
43086
43094
43094
43099
43099
43101
43108
43109
43109
43110
43113
43115
43119
43123
43125
43126
43130
43135
43138
43139
43139
43144
43145
43145
43158
43163
43165
43167
43169
43171
43172
43172
43179
43181
43188
43189
43192
43193
43197
43204
43206
43209
43210
43213
43216
43218
43221
43221
43229
43231
43232
43237
43238
43239
43241
43241
43246
43251
43255
43255
43255
43258
43259
43261
43261
43270
43282
43284
43289
43293
43293
43297
43301
43303
43305
43306
43308
43311
43312
43313
43321
43327
43337
43342
43343
43346
43346
43346
43354
43367
43367
43374
43377
43379
43382
43386
43388
43393
43396
43396
43398
43398
43399
43400
43401
43407
43413
43414
43423
43425
43425
43427
43429
43435
43437
43452
43452
43453
43465
43469
43472
43472
43473
43473
43473
43473
43475
43480
43486
43491
43492
43495
43497
43501
43508
43512
43515
43517
43517
43518
43521
43523
43527
43528
43532
43537
43542
43543
43549
43552
43560
43561
43562
43564
43572
43576
43578
43580
43583
43587
43593
43601
43602
43602
43603
43604
43606
43613
43614
43615
43617
43623
43624
43624
43625
43647
43648
43649
43650
43651
43654
43658
43658
43662
43663
43663
43663
43664
43666
43672
43672
43677
43681
43681
43688
43690
43690
43697
43703
43707
43707
43708
43709
43714
43716
43716
43721
43727
43728
43734
43736
43737
43738
43742
43745
43748
43766
43767
43777
43778
43778
43779
43788
43795
43796
43798
43799
43813
43814
43818
43818
43822
43824
43825
43826
43832
43834
43840
43844
43857
43860
43865
43867
43874
43874
43874
43889
43891
43892
43897
43897
43904
43911
43911
43914
43917
43925
43929
43933
43935
43937
43937
43963
43965
43965
43970
43970
43971
43977
43983
43984
43984
43985
43988
43989
43992
43992
43993
43996
43996
43996
43999
44000
44001
44003
44004
44004
44008
44014
44016
44017
44018
44019
44020
44041
44043
44043
44050
44050
44051
44053
44059
44060
44070
44071
44072
44077
44089
44093
44095
44097
44100
44102
44114
44117
44117
44118
44118
44121
44125
44139
44146
44148
44153
44153
44153
44154
44158
44165
44167
44167
44170
44172
44174
44175
44176
44178
44178
44183
44190
44195
44196
44198
44202
44205
44205
44209
44211
44213
44217
44219
44236
44238
44241
44243
44244
44255
44256
44258
44261
44263
44263
44263
44269
44271
44277
44279
44280
44291
44295
44296
44297
44298
44302
44302
44304
44310
44324
44334
44337
44342
44343
44345
44353
44353
44354
44354
44359
44360
44368
44369
44379
44380
44381
44381
44387
44389
44390
44394
44397
44402
44402
44405
44407
44412
44414
44420
44421
44427
44428
44430
44431
44432
44438
44438
44445
44448
44449
44456
44461
44469
44474
44476
44478
44480
44494
44496
44499
44503
44503
44508
44512
44514
44515
44517
44519
44522
44530
44534
44539
44541
44548
44552
44554
44563
44564
44571
44574
44574
44579
44581
44583
44586
44589
44590
44591
44591
44592
44596
44597
44598
44606
44606
44607
44609
44610
44617
44617
44621
44621
44623
44628
44630
44632
44633
44634
44654
44655
44660
44664
44664
44667
44668
44669
44669
44677
44686
44691
44696
44697
44698
44706
44713
44716
44717
44718
44737
44740
44743
44749
44759
44759
44773
44774
44778
44781
44783
44789
44795
44802
44822
44830
44830
44831
44835
44837
44840
44846
44852
44852
44854
44859
44865
44867
44867
44872
44872
44874
44877
44880
44880
44888
44899
44900
44900
44901
44901
44905
44905
44907
44907
44909
44912
44912
44918
44918
44919
44921
44921
44927
44928
44930
44934
44935
44937
44953
44955
44962
44983
44984
44984
44989
44989
44990
44992
44999
45000
45001
45005
45010
45010
45014
45018
45022
45022
45024
45025
45028
45029
45031
45033
45034
45036
45041
45046
45048
45048
45051
45065
45068
45069
45078
45080
45080
45080
45082
45086
45086
45089
45091
45092
45096
45096
45101
45101
45112
45126
45137
45140
45141
45145
45155
45158
45160
45176
45177
45178
45182
45182
45187
45187
45188
45195
45196
45199
45201
45202
45205
45213
45214
45217
45218
45219
45225
45228
45229
45230
45230
45231
45236
45237
45239
45239
45243
45243
45251
45256
45258
45264
45269
45270
45272
45272
45278
45283
45288
45294
45296
45299
45304
45308
45309
45312
45312
45312
45313
45313
45316
45316
45323
45325
45329
45330
45330
45332
45336
45336
45340
45349
45355
45356
45357
45357
45359
45361
45362
45365
45376
45381
45386
45391
45397
45403
45406
45414
45415
45415
45421
45433
45438
45440
45441
45442
45445
45445
45445
45449
45451
45452
45453
45456
45467
45468
45474
45475
45479
45482
45482
45483
45485
45486
45487
45488
45493
45495
45496
45497
45499
45499
45500
45501
45501
45505
45505
45505
45511
45511
45512
45517
45519
45521
45529
45531
45535
45536
45541
45545
45546
45560
45563
45565
45565
45569
45574
45575
45585
45587
45587
45592
45592
45596
45597
45598
45600
45602
45605
45609
45609
45614
45616
45616
45616
45618
45622
45625
45632
45633
45644
45651
45652
45653
45654
45655
45666
45666
45668
45672
45673
45674
45683
45684
45689
45695
45696
45699
45703
45704
45705
45707
45709
45711
45716
45719
45723
45739
45742
45749
45758
45761
45768
45771
45774
45780
45784
45785
45791
45792
45793
45793
45796
45796
45802
45803
45803
45803
45809
45812
45816
45818
45822
45822
45827
45827
45827
45828
45828
45830
45831
45831
45840
45845
45847
45849
45849
45850
45851
45851
45861
45868
45874
45876
45878
45879
45880
45880
45882
45883
45884
45886
45889
45892
45896
45897
45899
45906
45911
45917
45918
45923
45932
45936
45938
45943
45947
45952
45957
45957
45962
45966
45971
45971
45972
45974
45975
45978
45981
45983
45991
45996
46003
46003
46005
46007
46008
46013
46013
46017
46018
46019
46021
46029
46032
46037
46039
46040
46041
46046
46049
46049
46050
46052
46056
46056
46066
46070
46074
46074
46078
46078
46081
46081
46085
46094
46106
46112
46113
46114
46115
46115
46116
46116
46118
46120
46125
46126
46128
46129
46130
46132
46135
46139
46140
46141
46141
46144
46145
46145
46146
46149
46150
46150
46153
46155
46158
46165
46167
46172
46180
46184
46188
46191
46199
46199
46200
46204
46205
46207
46208
46208
46209
46210
46210
46218
46218
46221
46221
46226
46231
46231
46232
46236
46238
46242
46242
46244
46248
46251
46253
46260
46261
46263
46266
46269
46271
46271
46275
46280
46281
46281
46287
46288
46288
46289
46292
46293
46295
46296
46306
46306
46307
46308
46311
46313
46314
46315
46317
46318
46319
46320
46322
46326
46329
46330
46336
46338
46343
46345
46348
46349
46352
46367
46377
46381
46386
46392
46392
46396
46399
46401
46401
46403
46414
46416
46416
46418
46420
46420
46431
46433
46443
46447
46456
46457
46458
46462
46469
46472
46482
46482
46484
46489
46495
46500
46504
46512
46513
46513
46514
46518
46525
46527
46527
46530
46532
46535
46536
46538
46538
46540
46540
46541
46544
46546
46550
46554
46555
46562
46564
46568
46579
46580
46586
46588
46590
46591
46595
46606
46608
46615
46617
46622
46624
46625
46627
46630
46633
46637
46638
46639
46640
46644
46646
46647
46647
46647
46649
46651
46652
46665
46666
46667
46668
46669
46671
46681
46681
46682
46683
46696
46697
46697
46698
46698
46701
46703
46705
46708
46709
46711
46712
46722
46723
46728
46729
46730
46734
46735
46743
46745
46748
46749
46752
46754
46758
46761
46766
46772
46774
46779
46781
46783
46785
46788
46790
46790
46795
46798
46799
46801
46805
46806
46810
46813
46820
46822
46822
46825
46827
46827
46828
46831
46832
46833
46837
46844
46848
46849
46852
46859
46859
46861
46867
46871
46875
46875
46877
46878
46879
46884
46894
46897
46902
46905
46915
46917
46917
46918
46922
46922
46924
46924
46927
46929
46930
46930
46936
46939
46942
46942
46943
46946
46954
46957
46958
46962
46966
46971
46971
46972
46973
46980
46987
46988
46992
46994
46999
47003
47004
47013
47014
47015
47016
47018
47021
47021
47023
47023
47024
47029
47034
47051
47053
47056
47062
47064
47064
47067
47067
47077
47079
47081
47081
47083
47083
47086
47093
47097
47097
47099
47101
47103
47104
47112
47122
47123
47123
47124
47130
47135
47139
47140
47142
47147
47147
47157
47160
47160
47165
47181
47183
47194
47197
47208
47214
47214
47214
47219
47219
47220
47221
47224
47226
47228
47231
47234
47235
47235
47236
47237
47239
47241
47246
47249
47253
47253
47254
47255
47263
47264
47267
47275
47278
47279
47284
47287
47295
47296
47297
47299
47304
47306
47309
47322
47324
47328
47329
47330
47332
47333
47334
47339
47348
47349
47353
47354
47354
47360
47364
47365
47370
47376
47379
47382
47385
47386
47388
47396
47401
47402
47412
47412
47413
47413
47414
47417
47420
47422
47424
47429
47429
47432
47433
47434
47438
47440
47444
47449
47452
47454
47456
47459
47459
47460
47461
47463
47468
47469
47472
47474
47477
47479
47481
47485
47492
47493
47500
47508
47509
47509
47510
47512
47513
47514
47514
47518
47520
47535
47542
47542
47546
47549
47550
47551
47552
47553
47556
47558
47558
47559
47561
47570
47571
47572
47573
47574
47574
47576
47577
47580
47583
47584
47588
47588
47590
47599
47603
47605
47606
47612
47618
47620
47622
47623
47624
47629
47640
47640
47641
47645
47653
47653
47654
47654
47660
47660
47661
47665
47665
47666
47668
47673
47675
47675
47676
47679
47681
47684
47684
47687
47691
47693
47693
47694
47695
47705
47706
47711
47714
47721
47724
47724
47725
47725
47726
47727
47730
47733
47733
47734
47734
47736
47739
47754
47754
47758
47761
47761
47766
47768
47773
47774
47774
47776
47777
47780
47782
47784
47787
47788
47789
47790
47790
47794
47796
47796
47797
47798
47799
47802
47805
47808
47810
47816
47818
47819
47822
47823
47828
47838
47840
47844
47847
47847
47848
47849
47857
47858
47869
47870
47872
47876
47880
47880
47882
47882
47884
47888
47890
47890
47895
47895
47897
47900
47903
47909
47912
47920
47925
47925
47931
47934
47936
47938
47938
47941
47941
47942
47945
47947
47950
47951
47958
47967
47968
47969
47971
47975
47977
47977
47981
47985
47992
47994
47994
47996
47997
47999
48001
48003
48004
48006
48010
48012
48021
48023
48027
48028
48029
48033
48034
48040
48042
48043
48045
48048
48048
48048
48052
48062
48064
48066
48067
48078
48079
48083
48086
48092
48092
48093
48095
48097
48103
48105
48110
48111
48117
48118
48127
48128
48131
48131
48134
48136
48143
48150
48156
48160
48162
48162
48164
48165
48165
48167
48167
48171
48181
48184
48187
48191
48192
48195
48195
48195
48202
48206
48214
48216
48220
48220
48221
48227
48236
48236
48241
48247
48248
48248
48249
48251
48252
48253
48253
48254
48256
48256
48257
48259
48260
48260
48262
48263
48269
48270
48273
48273
48273
48275
48279
48280
48286
48287
48289
48290
48291
48297
48298
48302
48303
48308
48312
48326
48329
48330
48337
48338
48343
48349
48352
48353
48354
48358
48359
48359
48361
48363
48368
48371
48372
48378
48383
48383
48388
48390
48391
48392
48395
48398
48399
48404
48406
48412
48418
48422
48425
48440
48445
48446
48448
48450
48452
48454
48463
48466
48470
48473
48475
48475
48476
48479
48479
48482
48483
48492
48501
48511
48514
48515
48517
48517
48518
48520
48520
48522
48525
48526
48526
48528
48533
48534
48536
48540
48543
48547
48550
48550
48553
48553
48558
48560
48562
48564
48576
48576
48578
48579
48581
48584
48585
48592
48592
48595
48603
48605
48612
48612
48613
48619
48621
48623
48624
48627
48636
48638
48647
48650
48650
48652
48654
48655
48677
48681
48683
48693
48701
48703
48706
48715
48720
48728
48744
48754
48770
48771
48772
48773
48781
48782
48789
48796
48797
48803
48805
48814
48815
48816
48816
48820
48822
48831
48836
48841
48841
48845
48850
48851
48852
48858
48861
48863
48863
48864
48866
48866
48875
48879
48879
48880
48882
48896
48901
48909
48910
48910
48915
48917
48925
48928
48934
48937
48940
48950
48951
48956
48962
48962
48963
48964
48966
48974
48974
48976
48977
48977
48981
48989
48992
48993
49001
49008
49010
49016
49018
49025
49028
49030
49032
49034
49036
49036
49036
49037
49039
49042
49042
49044
49049
49050
49053
49053
49054
49067
49074
49078
49088
49089
49092
49097
49099
49100
49100
49106
49121
49124
49127
49127
49128
49128
49143
49145
49147
49151
49155
49157
49157
49157
49166
49168
49169
49170
49173
49174
49174
49179
49181
49186
49186
49188
49189
49193
49194
49201
49203
49206
49209
49216
49219
49221
49223
49228
49229
49232
49242
49243
49246
49247
49247
49249
49253
49253
49254
49260
49267
49274
49276
49277
49278
49282
49283
49291
49296
49298
49300
49300
49302
49302
49302
49305
49305
49306
49307
49308
49311
49311
49317
49322
49322
49326
49328
49328
49328
49329
49331
49332
49334
49335
49337
49342
49344
49346
49349
49350
49350
49352
49356
49356
49362
49363
49365
49366
49371
49380
49386
49387
49388
49389
49389
49390
49394
49397
49398
49398
49404
49407
49408
49414
49417
49424
49432
49433
49433
49433
49440
49443
49444
49458
49458
49459
49465
49468
49470
49474
49476
49476
49478
49480
49486
49495
49498
49501
49502
49503
49504
49509
49512
49519
49519
49527
49535
49536
49538
49540
49545
49550
49550
49552
49553
49560
49564
49565
49567
49568
49568
49578
49578
49578
49582
49584
49586
49586
49594
49602
49605
49605
49607
49608
49609
49611
49611
49627
49628
49629
49631
49631
49636
49636
49638
49641
49641
49645
49645
49646
49653
49656
49657
49657
49658
49658
49663
49664
49667
49675
49676
49678
49686
49688
49693
49695
49697
49706
49713
49713
49720
49721
49735
49736
49740
49742
49745
49745
49752
49753
49758
49763
49764
49765
49766
49770
49770
49772
49793
49793
49799
49801
49813
49818
49819
49827
49829
49832
49838
49839
49841
49849
49852
49859
49860
49868
49872
49874
49879
49880
49882
49888
49888
49891
49892
49895
49895
49896
49899
49903
49905
49908
49908
49909
49913
49913
49914
49915
49918
49922
49923
49923
49925
49926
49932
49938
49938
49941
49942
49944
49946
49950
49951
49952
49954
49963
49965
49970
49971
49976
49977
49981
49992
49999
CPU Time : 0.03125
Output Time : 2022-5-6 11:37:31+8:00